date,OP,CP,HP,LP,DF,RD,TV,TC,TO
2007-07-02,52.0,51.1,52.0,50.7,-0.4,-1,1163692,498,59487952
2007-07-03,51.5,51.8,52.4,51.2,0.7,1,1689559,715,87534054
2007-07-04,52.2,52.4,53.2,51.8,0.6,1,2870228,1044,150501641
2007-07-05,52.5,56.0,56.0,52.5,3.6,1,3611411,1232,198043116
2007-07-06,57.5,57.8,59.5,57.0,1.8,1,7119294,2497,415364684
2007-07-09,58.8,58.2,60.0,58.1,0.4,1,5543834,1856,327716831
2007-07-10,58.5,58.6,59.8,58.1,0.4,1,3023852,1107,177798223
2007-07-11,59.5,62.0,62.7,59.5,3.4,1,7851464,2207,489111268
2007-07-12,61.0,60.8,61.5,60.2,-1.2,-1,4114117,1510,250044063
2007-07-13,61.3,59.8,61.8,59.4,-1.0,-1,2462148,1017,148247373
2007-07-16,59.9,58.0,61.6,58.0,-1.8,-1,2504974,932,150374292
2007-07-17,58.5,59.7,60.9,58.3,1.7,1,2414691,966,144402646
2007-07-18,59.7,62.0,63.7,59.7,2.3,1,5424483,1662,340444443
2007-07-19,62.6,66.3,66.3,62.5,4.3,1,6058189,2056,392563922
2007-07-20,70.3,69.2,70.3,67.3,2.9,1,8585321,3590,596280604
2007-07-23,68.3,68.0,69.1,66.5,-1.2,-1,2996022,1382,203350896
2007-07-24,68.8,68.0,71.0,67.0,0.0,0,2978215,1462,206010466
2007-07-25,68.0,70.5,72.5,68.0,2.5,1,3604661,1677,254420096
2007-07-26,71.5,65.6,71.8,65.6,-4.9,-1,5269878,2220,357658194
2007-07-27,61.6,62.0,64.7,61.5,-3.6,-1,3338943,1367,208383966
2007-07-30,61.0,62.8,62.8,60.7,0.8,1,1616487,696,100149281
2007-07-31,63.0,61.3,63.8,61.3,-1.5,-1,3225900,1170,201369400
2007-08-01,61.0,57.1,61.9,57.1,-4.2,-1,2801100,1036,167997530
2007-08-02,58.0,54.9,58.8,53.2,-2.2,-1,2948864,1207,162818540
2007-08-03,55.6,56.2,57.6,54.9,1.3,1,2053000,836,114816200
2007-08-06,54.0,55.6,55.6,53.7,-0.6,-1,977511,414,53142211
2007-08-07,56.3,56.0,57.9,55.8,0.4,1,2570449,809,145570444
2007-08-08,56.5,58.0,58.3,56.2,2.0,1,2274100,958,130658390
2007-08-09,58.5,57.6,58.6,57.0,-0.4,-1,1991500,857,115245049
2007-08-10,55.0,56.5,56.6,54.6,-1.1,-1,985000,506,54924500
2007-08-13,57.0,55.5,57.2,55.4,-1.0,-1,1195241,566,67185396
2007-08-14,56.6,58.0,58.3,55.5,2.5,1,2541457,1129,145498706
2007-08-15,58.4,59.0,61.8,57.3,1.0,1,7524209,3447,448779349
2007-08-16,59.0,54.9,59.0,54.9,-4.1,-1,2639215,1258,147508802
2007-08-17,54.9,52.2,56.5,51.1,-2.7,-1,2363001,1103,125775353
2007-08-20,55.0,53.9,55.0,52.2,1.7,1,1423000,701,76633800
2007-08-21,53.9,52.5,53.9,50.2,-1.4,-1,3079213,830,159517682
2007-08-22,53.0,52.5,53.6,51.8,0.0,0,2108002,848,110955312
2007-08-23,47.85,49.45,49.45,47.85,0.0,0,2065822,759,101026997
2007-08-24,49.45,50.1,51.4,48.8,0.65,1,2000010,931,100654553
2007-08-27,52.0,50.1,52.0,50.0,0.0,0,1187437,576,60600293
2007-08-28,50.3,50.6,51.3,50.3,0.5,1,741050,379,37575565
2007-08-29,48.9,50.0,50.5,48.9,-0.6,-1,648000,316,32270400
2007-08-30,51.0,50.7,51.7,50.6,0.7,1,938200,478,48055900
2007-08-31,51.0,52.4,53.5,51.0,1.7,1,1677200,821,88104700
2007-09-03,53.0,52.6,54.5,52.1,0.2,1,1610000,725,85787600
2007-09-04,53.0,53.1,53.8,52.3,0.5,1,829057,415,43781132
2007-09-05,53.5,51.5,53.6,51.5,-1.6,-1,861009,478,45096411
2007-09-06,51.5,51.5,52.4,51.0,0.0,0,643157,286,33254085
2007-09-07,52.0,51.7,52.8,51.7,0.2,1,995575,391,51915575
2007-09-10,51.4,51.8,52.5,51.0,0.1,1,447480,249,23182443
2007-09-11,52.4,52.3,53.8,52.0,0.5,1,1052200,526,55598260
2007-09-12,52.8,52.3,53.7,52.1,0.0,0,887213,421,46836176
2007-09-13,52.4,50.4,52.5,50.3,-1.9,-1,1155648,622,58879396
2007-09-14,50.8,49.7,51.2,49.5,-0.7,-1,977376,469,48898238
2007-09-17,49.9,49.1,50.4,49.05,-0.6,-1,378297,235,18699962
2007-09-19,50.0,47.0,50.4,46.3,-2.1,-1,1538617,662,73337295
2007-09-20,47.6,48.2,48.9,47.6,1.2,1,802939,432,38785686
2007-09-21,48.2,48.9,48.95,48.1,0.7,1,392525,235,19034172
2007-09-26,49.5,50.7,51.0,48.9,1.8,1,856627,509,42741655
2007-09-27,50.0,50.5,51.2,50.0,-0.2,-1,681339,501,34565083
2007-09-28,50.7,49.5,50.7,49.5,-1.0,-1,865073,537,43302938
2007-09-29,49.8,49.5,50.1,49.25,0.0,0,755900,463,37482076
2007-10-01,50.0,48.85,50.1,48.85,-0.65,-1,689541,427,33948701
2007-10-02,49.4,47.0,49.4,46.3,-1.85,-1,3235652,1463,153168294
2007-10-03,47.0,47.9,48.4,46.35,0.9,1,1598738,819,75529621
2007-10-04,47.7,46.75,48.2,46.7,-1.15,-1,958125,496,45167105
2007-10-05,46.85,46.6,47.5,46.5,-0.15,-1,878309,400,41144591
2007-10-08,47.05,43.5,47.15,43.4,-3.1,-1,1670202,916,74209622
2007-10-09,43.5,42.1,43.5,41.6,-1.4,-1,977504,561,41269518
2007-10-11,42.3,42.2,42.75,42.0,0.1,1,476401,287,20146260
2007-10-12,40.5,40.6,41.85,40.5,-1.6,-1,795120,455,32525650
2007-10-15,40.6,40.0,40.6,39.6,-0.6,-1,841069,368,33698039
2007-10-16,39.7,39.5,40.0,39.2,-0.5,-1,747393,348,29681079
2007-10-17,39.2,40.6,41.0,39.2,1.1,1,1334815,539,53801323
2007-10-18,40.8,41.45,41.8,40.7,0.85,1,669176,362,27649516
2007-10-19,41.55,40.75,41.7,40.7,-0.7,-1,361535,211,14842182
2007-10-22,39.5,39.9,40.0,39.45,-0.85,-1,387163,217,15363397
2007-10-23,40.0,40.5,40.8,39.9,0.6,1,343645,212,13913466
2007-10-24,41.0,39.6,41.2,39.55,-0.9,-1,427392,222,17253865
2007-10-25,40.1,39.9,40.5,39.6,0.3,1,523264,221,20924544
2007-10-26,40.5,39.8,40.5,39.7,-0.1,-1,423433,202,16908599
2007-10-29,40.0,40.0,40.45,40.0,0.2,1,477142,238,19174230
2007-10-30,40.0,40.3,40.3,39.5,0.3,1,536011,270,21355340
2007-10-31,40.3,40.0,40.45,39.9,-0.3,-1,357473,203,14348516
2007-11-01,40.4,40.3,40.7,40.15,0.3,1,498411,274,20119453
2007-11-02,39.3,39.6,40.25,39.3,-0.7,-1,311766,208,12364027
2007-11-05,39.6,36.85,39.6,36.85,-2.75,-1,1440743,624,53552121
2007-11-06,36.1,37.25,37.5,36.1,0.4,1,1152727,292,42732067
2007-11-07,37.5,36.55,37.95,36.5,-0.7,-1,328818,186,12234079
2007-11-08,35.1,34.0,35.9,34.0,-2.55,-1,1092316,434,37452994
2007-11-09,33.5,32.1,34.05,31.65,-1.9,-1,2720133,743,86822456
2007-11-12,32.0,32.8,33.75,30.6,0.7,1,1323746,700,42615062
2007-11-13,33.5,34.4,34.9,32.8,1.6,1,1182984,567,39956744
2007-11-14,35.9,35.2,36.0,35.15,0.8,1,602954,338,21387329
2007-11-15,34.95,34.7,35.45,34.1,-0.5,-1,310071,224,10725385
2007-11-16,34.1,34.2,34.5,33.8,-0.5,-1,374871,197,12829081
2007-11-19,34.5,35.0,35.9,34.5,0.8,1,504925,289,17752825
2007-11-20,34.7,34.8,34.9,34.0,-0.2,-1,336291,205,11574485
2007-11-21,34.8,33.6,35.0,33.6,-1.2,-1,489475,236,16788400
2007-11-22,33.6,33.6,34.5,33.6,0.0,0,280834,158,9531136
2007-11-23,33.65,32.35,33.95,32.3,-1.25,-1,364260,221,11976953
2007-11-26,32.5,32.35,33.0,32.1,0.0,0,230097,130,7458433
2007-11-27,31.0,32.1,32.35,31.0,-0.25,-1,410348,223,12940448
2007-11-28,32.05,31.5,32.1,31.4,-0.6,-1,229713,142,7299042
2007-11-29,31.85,31.55,32.5,31.55,0.05,1,263569,161,8459012
2007-11-30,31.7,32.3,32.5,31.7,0.75,1,368447,198,11878148
2007-12-03,32.3,31.95,32.6,31.8,-0.35,-1,284141,151,9129085
2007-12-04,31.95,33.55,33.55,31.8,1.6,1,516745,263,17030505
2007-12-05,32.65,33.3,33.8,32.0,-0.25,-1,965818,429,31896844
2007-12-06,33.75,32.25,33.8,32.25,-1.05,-1,600581,310,19812353
2007-12-07,32.45,31.15,32.6,31.15,-1.1,-1,550426,308,17508056
2007-12-10,30.7,30.2,30.95,30.2,-0.95,-1,466315,243,14202110
2007-12-11,30.5,30.5,30.8,30.3,0.3,1,196389,122,5996394
2007-12-12,29.9,30.0,30.0,29.35,-0.5,-1,522433,222,15493990
2007-12-13,29.9,28.0,30.0,28.0,-2.0,-1,591125,287,17016500
2007-12-14,28.45,27.25,28.5,26.65,-0.75,-1,936967,432,25810497
2007-12-17,26.8,25.9,27.5,25.9,-1.35,-1,830271,338,21991647
2007-12-18,24.7,24.3,25.7,24.3,-1.6,-1,1674145,507,41236237
2007-12-19,24.4,26.0,26.0,24.4,1.7,1,842966,404,21548316
2007-12-20,26.3,26.0,27.2,25.25,0.0,0,968895,483,25658690
2007-12-21,25.7,25.6,25.9,25.0,-0.4,-1,589911,261,14993273
2007-12-24,26.0,26.4,26.5,26.0,0.8,1,384150,178,10069678
2007-12-25,26.4,26.5,26.8,26.2,0.1,1,364961,174,9669718
2007-12-26,26.2,26.0,26.4,25.7,-0.5,-1,312975,183,8109800
2007-12-27,25.7,26.7,27.2,25.7,0.7,1,533182,288,14176271
2007-12-28,26.45,27.2,27.2,26.35,0.5,1,574217,271,15425099
2007-12-31,27.4,28.4,28.7,27.05,1.2,1,756630,348,21170162
2008-01-02,28.2,27.55,28.65,27.5,-0.85,-1,597932,309,16809778
2008-01-03,27.0,27.0,27.35,26.8,-0.55,-1,687627,235,18545465
2008-01-04,27.2,27.25,27.8,27.05,0.25,1,1116699,456,30670527
2008-01-07,26.05,25.5,26.25,25.35,-1.75,-1,1472180,408,37576606
2008-01-08,25.2,25.4,25.65,25.2,-0.1,-1,445320,189,11338592
2008-01-09,24.5,25.85,25.95,24.35,0.45,1,626427,283,15841981
2008-01-10,25.95,25.95,26.35,25.8,0.1,1,498983,217,13005754
2008-01-11,26.0,26.35,26.8,26.0,0.4,1,444767,187,11746104
2008-01-14,26.8,26.15,26.85,25.8,-0.2,-1,232367,143,6075692
2008-01-15,26.15,26.55,27.0,26.15,0.4,1,518922,211,13821791
2008-01-16,25.5,26.0,26.1,25.5,-0.55,-1,245882,144,6329762
2008-01-17,26.0,25.4,26.45,25.4,-0.6,-1,404478,167,10386948
2008-01-18,25.0,25.75,25.8,24.6,0.35,1,203360,108,5117818
2008-01-21,26.0,25.7,26.0,25.4,-0.05,-1,195782,87,5026644
2008-01-22,24.05,24.2,24.75,24.05,-1.5,-1,689885,253,16731125
2008-01-23,25.15,24.0,25.2,23.5,-0.2,-1,579005,247,13875717
2008-01-24,23.8,22.75,24.3,22.4,-1.25,-1,716265,295,16572710
2008-01-25,22.75,24.25,24.3,22.75,1.5,1,811791,306,19236369
2008-01-28,24.25,23.5,24.25,23.5,-0.75,-1,184627,106,4380871
2008-01-29,24.0,23.95,24.15,23.4,0.45,1,211119,131,5005641
2008-01-30,24.4,24.2,24.45,23.95,0.25,1,122627,88,2957648
2008-01-31,24.2,23.55,24.2,23.35,-0.65,-1,200301,118,4735403
2008-02-01,24.55,24.3,24.55,23.75,0.75,1,356607,156,8571972
2008-02-12,22.9,22.6,23.1,22.6,-1.7,-1,788528,236,17885006
2008-02-13,22.6,21.05,22.6,21.05,-1.55,-1,1555487,459,32940649
2008-02-14,20.1,21.05,21.35,20.1,0.0,0,871043,402,18078648
2008-02-15,20.6,21.45,21.75,20.4,0.4,1,671149,303,14242551
2008-02-18,21.6,21.8,22.1,21.4,0.35,1,577066,260,12572620
2008-02-19,21.8,21.8,22.2,21.6,0.0,0,564736,238,12319642
2008-02-20,21.8,21.65,22.1,21.65,-0.15,-1,292835,175,6381223
2008-02-21,21.8,22.5,22.5,21.8,0.85,1,612050,293,13609156
2008-02-22,22.3,23.0,23.8,22.15,0.5,1,898416,435,20743218
2008-02-25,23.5,23.5,24.0,23.25,0.5,1,698314,313,16473942
2008-02-26,23.9,23.4,23.9,23.3,-0.1,-1,533914,206,12556842
2008-02-27,23.5,23.6,24.0,23.4,0.2,1,418622,192,9950514
2008-02-29,23.5,25.25,25.25,23.4,1.65,1,1264800,454,31093146
2008-03-03,24.8,24.55,25.05,24.5,-0.7,-1,796129,348,19650859
2008-03-04,24.6,24.95,25.5,24.55,0.4,1,662596,323,16567228
2008-03-05,24.9,24.5,25.2,24.45,-0.45,-1,436763,223,10791425
2008-03-06,24.5,25.2,25.85,24.5,0.7,1,617507,297,15607166
2008-03-07,24.9,24.85,25.4,24.6,-0.35,-1,417846,214,10431414
2008-03-10,26.5,26.55,26.55,25.75,1.7,1,1710766,653,45093230
2008-03-11,26.9,26.75,27.8,26.7,0.2,1,2259746,965,61592288
2008-03-12,27.5,27.05,27.6,26.75,0.3,1,1099002,528,29834254
2008-03-13,27.05,26.4,27.4,26.3,-0.65,-1,993502,432,26602004
2008-03-14,26.55,26.75,27.3,26.55,0.35,1,801044,376,21555673
2008-03-17,26.4,26.45,26.8,26.35,-0.3,-1,570006,253,15105605
2008-03-18,27.2,27.1,27.2,26.65,0.65,1,404669,206,10890977
2008-03-19,27.4,27.0,27.9,27.0,-0.1,-1,784882,331,21451316
2008-03-20,27.0,27.0,27.3,26.7,0.0,0,311209,151,8379093
2008-03-21,27.2,27.4,27.6,27.2,0.4,1,663819,248,18163086
2008-03-24,28.2,27.55,28.3,27.45,0.15,1,711393,287,19677585
2008-03-25,27.55,26.9,27.75,26.75,-0.65,-1,987987,342,26883000
2008-03-26,26.9,27.15,27.5,26.9,0.25,1,394988,167,10706326
2008-03-27,27.0,27.0,27.45,26.8,-0.15,-1,333467,189,9003713
2008-03-28,27.0,27.45,27.5,27.0,0.45,1,503170,200,13765379
2008-03-31,27.45,28.9,29.35,27.45,1.45,1,1544342,714,44491579
2008-04-01,29.0,28.55,29.2,28.55,-0.35,-1,727289,337,20897954
2008-04-02,29.0,28.8,29.2,28.75,0.25,1,509106,215,14725648
2008-04-03,28.5,28.4,28.5,27.4,-0.4,-1,850378,373,23838897
2008-04-07,28.65,28.2,28.65,28.1,-0.2,-1,463899,215,13108204
2008-04-08,28.25,28.3,28.45,28.1,0.1,1,456760,188,12913429
2008-04-09,28.3,28.5,28.7,28.3,0.2,1,432735,185,12306948
2008-04-10,28.7,28.9,29.5,28.7,0.4,1,419276,197,12163272
2008-04-11,29.2,28.7,29.2,28.5,-0.2,-1,543613,225,15595529
2008-04-14,28.5,28.2,28.6,28.2,-0.5,-1,514134,190,14595352
2008-04-15,28.2,28.15,28.45,28.1,-0.05,-1,425565,197,12010870
2008-04-16,28.2,28.2,28.4,27.8,0.05,1,739609,246,20770035
2008-04-17,28.2,28.0,28.45,28.0,-0.2,-1,916950,262,25851455
2008-04-18,28.0,27.9,28.0,27.75,-0.1,-1,272996,141,7600035
2008-04-21,28.0,28.2,28.2,27.85,0.3,1,306439,140,8594312
2008-04-22,28.2,28.1,28.3,28.0,-0.1,-1,280428,124,7887784
2008-04-23,27.8,27.0,27.8,27.0,-1.1,-1,1492679,643,40704483
2008-04-24,27.0,27.1,27.45,27.0,0.1,1,590594,250,16034438
2008-04-25,27.3,27.3,27.7,27.2,0.2,1,366428,170,10035162
2008-04-28,27.5,27.35,27.5,27.2,0.05,1,486229,163,13274139
2008-04-29,27.4,27.45,27.7,27.4,0.1,1,448689,187,12352706
2008-04-30,27.5,27.6,27.65,27.3,0.15,1,331665,159,9116597
2008-05-02,27.65,27.55,27.7,27.5,-0.05,-1,373294,129,10295867
2008-05-05,27.6,27.2,27.6,27.2,-0.35,-1,512500,160,14011450
2008-05-06,27.2,27.2,27.35,26.85,0.0,0,394950,144,10685250
2008-05-07,27.5,27.35,27.5,27.15,0.15,1,261053,134,7114980
2008-05-08,27.35,27.3,27.35,27.0,-0.05,-1,342325,100,9314875
2008-05-09,27.3,27.2,27.4,27.2,-0.1,-1,301488,104,8230325
2008-05-12,27.0,27.35,27.5,27.0,0.15,1,552921,183,15115207
2008-05-13,27.4,27.15,27.4,27.15,-0.2,-1,182287,112,4966499
2008-05-14,27.2,27.05,27.25,27.05,-0.1,-1,131462,67,3567553
2008-05-15,27.1,27.3,27.5,27.1,0.25,1,287567,118,7837309
2008-05-16,27.5,28.2,28.45,27.35,0.9,1,689293,336,19391560
2008-05-19,28.4,28.0,28.6,27.6,-0.2,-1,250728,136,7013460
2008-05-20,28.3,28.15,28.5,28.0,0.15,1,689007,278,19467491
2008-05-21,28.4,27.9,28.7,27.9,-0.25,-1,431993,214,12229403
2008-05-22,27.8,27.65,27.9,27.6,-0.25,-1,243140,101,6748857
2008-05-23,27.9,27.2,27.9,27.2,-0.45,-1,209104,121,5744408
2008-05-26,27.0,26.25,27.1,26.25,-0.95,-1,271724,140,7211674
2008-05-27,26.25,26.35,26.7,26.2,0.1,1,227507,109,5984932
2008-05-28,27.0,26.7,27.0,26.5,0.35,1,85522,63,2283932
2008-05-29,27.1,26.0,27.2,26.0,-0.7,-1,276165,117,7336740
2008-05-30,26.3,26.4,26.5,26.0,0.4,1,215089,102,5637439
2008-06-02,26.5,26.2,26.5,26.2,-0.2,-1,72676,46,1910226
2008-06-03,26.0,26.15,26.5,26.0,-0.05,-1,85194,61,2225844
2008-06-04,26.2,26.45,26.6,26.15,0.3,1,127970,70,3367510
2008-06-05,26.5,26.4,26.5,26.3,-0.05,-1,129120,55,3410444
2008-06-06,26.7,26.35,26.7,26.3,-0.05,-1,151857,75,4010816
2008-06-09,26.25,26.0,26.3,25.9,-0.35,-1,322294,109,8404794
2008-06-10,26.3,25.8,26.3,25.8,-0.2,-1,129877,74,3370601
2008-06-11,25.9,25.0,25.9,24.8,-0.8,-1,306313,154,7721325
2008-06-12,24.9,23.25,24.9,23.25,-1.75,-1,786026,283,18607609
2008-06-13,22.8,23.25,23.45,22.8,0.0,0,293699,136,6792535
2008-06-16,23.3,23.8,23.85,23.3,0.55,1,123418,71,2907506
2008-06-17,23.9,24.0,24.0,23.35,0.2,1,131116,75,3109234
2008-06-18,24.0,24.0,24.15,23.9,0.0,0,98205,64,2358846
2008-06-19,24.0,24.2,24.9,23.6,0.2,1,156566,122,3813934
2008-06-20,24.5,24.0,24.55,23.8,-0.2,-1,203977,102,4915948
2008-06-23,23.7,23.7,24.0,23.2,-0.3,-1,142731,77,3388724
2008-06-24,24.0,23.1,24.0,23.1,-0.6,-1,312939,127,7383190
2008-06-25,23.1,23.75,23.75,23.0,0.65,1,182366,91,4264341
2008-06-26,23.75,23.75,24.25,23.75,0.0,0,224666,114,5364281
2008-06-27,22.4,22.9,23.4,22.2,-0.85,-1,444973,191,10189383
2008-06-30,22.95,21.5,23.1,21.5,-1.4,-1,1109795,422,25121836
2008-07-01,18.9,18.5,19.0,18.3,0.0,0,798626,260,14978117
2008-07-02,18.3,19.1,19.25,18.1,0.6,1,521090,192,9734150
2008-07-03,19.0,19.15,19.3,18.65,0.05,1,294070,128,5614483
2008-07-04,20.45,20.45,20.45,20.0,1.3,1,582991,234,11879763
2008-07-07,20.6,21.0,21.3,20.35,0.55,1,537937,260,11237850
2008-07-08,21.0,20.5,21.25,20.5,-0.5,-1,277522,131,5747398
2008-07-09,20.9,20.0,20.9,20.0,-0.5,-1,332474,176,6828116
2008-07-10,19.9,19.8,20.15,19.4,-0.2,-1,176437,98,3493145
2008-07-11,20.0,20.85,20.85,19.8,1.05,1,171657,111,3484132
2008-07-14,21.0,21.15,21.75,21.0,0.3,1,536209,196,11430920
2008-07-15,21.3,20.0,21.3,20.0,-1.15,-1,321612,137,6573077
2008-07-16,20.3,20.0,20.5,20.0,0.0,0,166627,103,3365090
2008-07-17,20.1,20.4,20.7,20.05,0.4,1,269499,183,5476330
2008-07-18,20.6,19.15,20.65,19.0,-1.25,-1,216310,121,4292995
2008-07-21,19.5,19.7,19.7,19.15,0.55,1,198298,101,3848740
2008-07-22,19.7,19.6,19.8,19.4,-0.1,-1,100373,59,1963265
2008-07-23,19.9,20.5,20.6,19.8,0.9,1,309403,140,6256219
2008-07-24,20.7,20.6,20.7,20.3,0.1,1,238626,126,4890968
2008-07-25,20.6,20.1,20.6,20.0,-0.5,-1,183731,109,3713596
2008-07-29,20.0,19.5,20.0,19.45,-0.6,-1,321000,138,6320600
2008-07-30,19.8,19.4,19.95,19.4,-0.1,-1,224026,86,4400955
2008-07-31,19.55,19.45,19.8,19.2,0.05,1,165892,105,3225365
2008-08-01,19.25,19.3,19.4,18.9,-0.15,-1,188018,96,3596698
2008-08-04,19.3,19.2,19.45,19.1,-0.1,-1,183000,85,3522050
2008-08-05,18.5,17.9,18.7,17.9,-1.3,-1,565818,244,10242490
2008-08-06,18.3,17.75,18.3,17.0,-0.15,-1,444936,246,7756223
2008-08-07,17.8,17.6,17.8,17.45,-0.15,-1,177538,78,3119817
2008-08-08,17.35,17.6,17.8,17.35,0.0,0,242522,149,4261536
2008-08-11,18.2,18.7,18.7,18.1,1.1,1,241357,145,4420503
2008-08-12,18.9,18.6,18.9,18.6,-0.1,-1,100511,74,1885230
2008-08-13,18.5,19.6,19.6,18.45,1.0,1,318656,130,6080955
2008-08-14,19.6,19.65,19.7,19.3,0.05,1,193154,85,3766550
2008-08-15,19.65,19.4,20.1,19.4,-0.25,-1,213604,96,4216256
2008-08-18,19.4,19.2,19.4,19.05,-0.2,-1,122031,54,2336339
2008-08-19,19.0,19.4,19.4,18.8,0.2,1,61777,41,1186739
2008-08-20,19.3,19.5,19.5,19.05,0.1,1,186689,81,3596584
2008-08-21,19.5,19.15,19.5,19.0,-0.35,-1,247838,66,4739645
2008-08-22,19.15,19.1,19.5,19.0,-0.05,-1,169104,74,3233876
2008-08-25,19.3,19.4,19.4,19.1,0.3,1,119546,69,2296025
2008-08-26,19.25,19.2,19.25,19.0,-0.2,-1,103066,49,1967560
2008-08-27,19.05,19.3,19.3,19.0,0.1,1,133149,78,2555325
2008-08-28,19.3,19.3,19.4,19.15,0.0,0,180473,66,3473281
2008-08-29,19.4,19.6,19.6,19.35,0.3,1,122687,58,2384014
2008-09-01,19.4,19.6,19.6,19.2,0.0,0,118955,56,2309316
2008-09-02,19.3,19.4,19.5,19.2,-0.2,-1,191399,66,3702099
2008-09-03,19.05,18.6,19.3,18.6,-0.8,-1,331881,110,6276859
2008-09-04,18.05,18.2,18.55,18.05,-0.4,-1,252776,101,4617768
2008-09-05,17.7,17.8,18.0,17.5,-0.4,-1,301525,98,5387141
2008-09-08,18.1,18.8,18.8,18.1,1.0,1,110000,57,2043850
2008-09-09,18.5,18.45,18.6,18.3,-0.35,-1,78209,42,1437506
2008-09-10,18.2,18.5,18.5,18.2,0.05,1,168427,55,3091904
2008-09-11,18.4,18.2,18.4,18.1,-0.3,-1,193042,50,3514710
2008-09-12,18.15,18.3,18.3,17.95,0.1,1,366835,95,6636544
2008-09-15,18.0,17.5,18.2,17.3,-0.8,-1,436230,89,7717775
2008-09-16,16.5,16.3,16.75,16.3,-1.2,-1,1032044,192,16872414
2008-09-17,16.0,16.2,16.9,16.0,-0.1,-1,366881,93,5971931
2008-09-18,15.5,15.3,15.75,15.2,-0.9,-1,590588,160,9063236
2008-09-19,15.55,15.95,16.0,15.55,0.65,1,245865,107,3888569
2008-09-22,16.2,16.1,16.2,16.0,0.15,1,221244,83,3563126
2008-09-23,16.05,16.3,16.3,15.95,0.2,1,154776,77,2491818
2008-09-24,16.2,16.4,16.5,16.15,0.1,1,151896,66,2484287
2008-09-25,16.4,16.4,16.4,16.2,0.0,0,206233,65,3355885
2008-09-26,16.3,16.2,16.3,15.8,-0.2,-1,390072,86,6260452
2008-09-30,15.1,15.2,15.2,15.1,-1.0,-1,180555,65,2727663
2008-10-01,15.45,15.1,15.5,15.1,-0.1,-1,39991,35,609861
2008-10-02,15.3,15.15,15.4,15.05,0.05,1,111313,56,1689326
2008-10-03,15.1,15.05,15.15,15.0,-0.1,-1,100209,44,1507945
2008-10-06,15.0,14.85,15.1,14.7,-0.2,-1,275474,84,4095987
2008-10-07,14.5,14.65,14.7,14.1,-0.2,-1,222313,71,3217919
2008-10-08,14.6,13.75,14.6,13.75,-0.9,-1,336987,91,4783021
2008-10-09,14.2,13.6,14.2,13.5,-0.15,-1,277715,75,3816591
2008-10-13,13.15,13.15,13.25,13.15,-0.45,-1,288010,97,3791581
2008-10-14,14.05,13.9,14.05,13.8,0.75,1,161755,67,2256893
2008-10-15,13.6,14.0,14.45,13.6,0.1,1,41427,28,573578
2008-10-16,13.7,13.55,13.7,13.55,-0.45,-1,217500,64,2951425
2008-10-17,13.55,13.85,13.85,13.55,0.3,1,102104,37,1386985
2008-10-20,13.65,13.55,13.75,13.4,-0.3,-1,39417,32,532950
2008-10-21,13.75,13.7,14.05,13.55,0.15,1,140404,69,1949093
2008-10-22,13.55,13.6,13.7,13.5,-0.1,-1,58500,31,796000
2008-10-23,13.15,13.2,13.4,13.15,-0.4,-1,147627,80,1951357
2008-10-24,13.2,12.75,13.2,12.75,-0.45,-1,255909,87,3298537
2008-10-27,12.3,11.9,12.3,11.9,-0.85,-1,312120,73,3760628
2008-10-28,11.1,12.4,12.4,11.1,0.5,1,168048,96,1894037
2008-10-29,12.55,12.4,12.95,12.2,0.0,0,173522,62,2161770
2008-10-30,12.4,13.0,13.25,12.1,0.6,1,111358,61,1448415
2008-10-31,13.0,13.65,13.75,12.8,0.65,1,203754,81,2750627
2008-11-03,13.65,13.4,13.65,13.15,-0.25,-1,107209,44,1433179
2008-11-04,13.15,12.8,13.3,12.8,-0.6,-1,72726,32,952742
2008-11-05,12.8,13.1,13.4,12.8,0.3,1,113053,54,1473189
2008-11-06,12.5,12.4,12.9,12.4,-0.7,-1,94300,24,1176640
2008-11-07,12.3,12.4,12.8,12.2,0.0,0,109415,41,1358153
2008-11-10,11.8,12.4,12.4,11.7,0.0,0,88989,35,1067711
2008-11-11,12.4,11.9,12.4,11.8,-0.5,-1,101019,39,1207475
2008-11-12,11.8,12.0,12.2,11.8,0.1,1,27123,20,326763
2008-11-13,11.85,11.8,11.9,11.5,-0.2,-1,59090,28,687703
2008-11-14,11.8,11.8,12.0,11.7,0.0,0,93254,33,1104821
2008-11-17,11.6,11.7,12.15,11.6,-0.1,-1,67501,45,792983
2008-11-18,11.5,11.3,11.7,11.2,-0.4,-1,210194,78,2384922
2008-11-19,10.75,11.1,11.3,10.75,-0.2,-1,113358,61,1250938
2008-11-20,10.7,10.65,10.85,10.5,-0.45,-1,91939,50,977808
2008-11-21,10.3,10.05,10.3,9.96,-0.6,-1,275658,96,2769760
2008-11-24,10.0,10.15,10.15,10.0,0.1,1,35000,16,350900
2008-11-25,10.4,10.3,10.45,10.1,0.15,1,199925,38,2038534
2008-11-26,10.4,10.4,10.45,10.2,0.1,1,82209,26,849902
2008-11-27,10.4,10.95,11.1,10.4,0.55,1,100626,55,1090309
2008-11-28,10.95,10.8,10.95,10.7,-0.15,-1,49160,25,529278
2008-12-01,10.95,11.2,11.2,10.95,0.4,1,85896,28,950383
2008-12-02,10.55,10.75,10.8,10.5,-0.45,-1,87000,38,924900
2008-12-03,10.6,10.6,10.8,10.55,-0.15,-1,104418,49,1110138
2008-12-04,10.6,10.65,10.8,10.5,0.05,1,43104,17,457852
2008-12-05,10.6,10.8,10.8,10.6,0.15,1,37209,20,396086
2008-12-08,10.8,11.1,11.2,10.8,0.3,1,122118,42,1343098
2008-12-09,11.2,11.15,11.35,11.0,0.05,1,55550,23,617755
2008-12-10,11.15,11.4,11.45,11.1,0.25,1,141976,50,1596475
2008-12-11,11.15,11.2,11.35,11.15,-0.2,-1,49949,25,559527
2008-12-12,11.2,10.85,11.25,10.55,-0.35,-1,152181,43,1665704
2008-12-15,10.5,10.7,10.9,10.5,-0.15,-1,75147,44,803754
2008-12-16,10.7,10.7,10.85,10.6,0.0,0,26407,21,281862
2008-12-17,10.8,10.8,11.0,10.75,0.1,1,125939,60,1367295
2008-12-18,10.8,10.85,10.85,10.7,0.05,1,120448,37,1300438
2008-12-19,10.7,10.85,10.85,10.7,0.0,0,69835,27,750875
2008-12-22,10.85,10.85,10.85,10.75,0.0,0,86149,25,931159
2008-12-23,10.75,10.65,10.75,10.45,-0.2,-1,63717,34,678263
2008-12-24,10.55,10.65,10.7,10.55,0.0,0,28149,14,299021
2008-12-25,10.65,10.85,10.95,10.65,0.2,1,73403,25,793702
2008-12-26,10.85,11.15,11.15,10.85,0.3,1,59229,31,650691
2008-12-29,11.5,11.15,11.7,10.95,0.0,0,77208,46,866008
2008-12-30,11.35,11.5,11.7,11.35,0.35,1,84030,40,965241
2008-12-31,11.7,12.0,12.0,11.5,0.5,1,210731,94,2464047
2009-01-05,12.2,12.1,12.45,12.0,0.1,1,60499,38,734888
2009-01-06,12.5,12.35,12.5,12.1,0.25,1,50731,36,626903
2009-01-07,13.2,12.85,13.2,12.85,0.5,1,546294,225,7179275
2009-01-08,12.35,12.0,12.45,12.0,-0.85,-1,217401,107,2661912
2009-01-09,11.7,12.2,12.4,11.7,0.2,1,30104,27,363108
2009-01-10,11.7,12.1,12.15,11.7,-0.1,-1,23100,18,276000
2009-01-12,12.1,12.05,12.25,12.05,-0.05,-1,37103,25,450236
2009-01-13,12.05,12.0,12.2,12.0,-0.05,-1,33451,21,402962
2009-01-14,12.0,11.75,12.15,11.75,-0.25,-1,68312,39,819547
2009-01-15,11.7,11.3,11.7,11.2,-0.45,-1,23896,19,273850
2009-01-16,11.3,11.1,11.5,11.1,-0.2,-1,126000,60,1420400
2009-01-17,11.2,11.2,11.3,11.0,0.1,1,142744,76,1592982
2009-01-19,11.2,11.2,11.3,11.1,0.0,0,43104,19,482659
2009-01-20,11.0,10.9,11.0,10.45,-0.3,-1,72001,35,768311
2009-01-21,10.9,10.9,10.9,10.9,0.0,0,68000,7,741200
2009-02-02,10.9,10.6,10.9,10.6,-0.3,-1,93788,42,1002724
2009-02-03,10.6,10.8,10.85,10.5,0.2,1,249665,76,2670980
2009-02-04,10.8,10.65,10.95,10.55,-0.15,-1,101391,34,1087793
2009-02-05,10.55,10.4,10.55,10.3,-0.25,-1,54100,33,561540
2009-02-06,10.4,10.5,10.65,10.4,0.1,1,84978,42,896311
2009-02-09,10.65,10.6,10.75,10.5,0.1,1,133181,63,1412099
2009-02-10,10.55,10.6,10.7,10.55,0.0,0,39030,25,413964
2009-02-11,10.5,10.65,10.65,10.4,0.05,1,93044,44,975959
2009-02-12,10.7,10.65,10.85,10.65,0.0,0,131045,56,1408877
2009-02-13,10.65,10.7,10.8,10.55,0.05,1,68508,35,730881
2009-02-16,10.8,10.7,10.9,10.7,0.0,0,68627,35,740945
2009-02-17,10.8,10.8,10.8,10.8,0.1,1,33205,18,358612
2009-02-18,10.7,10.6,10.75,10.55,-0.2,-1,51731,36,550574
2009-02-19,10.6,10.6,10.8,10.6,0.0,0,25418,14,271538
2009-02-20,10.7,10.65,10.8,10.65,0.05,1,19363,11,208247
2009-02-23,10.6,10.65,10.7,10.6,0.0,0,54940,29,586370
2009-02-24,10.6,10.5,10.6,10.5,-0.15,-1,31000,19,326450
2009-02-25,10.6,10.85,11.2,10.6,0.35,1,474056,149,5230547
2009-02-26,10.9,10.9,11.0,10.85,0.05,1,165113,64,1801030
2009-02-27,11.0,11.3,11.45,11.0,0.4,1,280463,83,3172734
2009-03-02,11.3,11.0,11.3,11.0,-0.3,-1,108209,24,1211827
2009-03-03,11.05,11.0,11.1,11.0,0.0,0,94541,43,1040595
2009-03-04,11.0,11.1,11.3,11.0,0.1,1,71713,36,795643
2009-03-05,11.2,11.85,11.85,11.2,0.75,1,240840,104,2797526
2009-03-06,12.15,11.7,12.15,11.2,-0.15,-1,245149,84,2845727
2009-03-09,11.5,11.6,11.7,11.5,-0.1,-1,65702,28,758321
2009-03-10,11.65,11.8,12.1,11.6,0.2,1,126313,67,1492992
2009-03-11,12.2,11.9,12.35,11.9,0.1,1,255312,100,3087394
2009-03-12,12.0,12.55,12.7,11.9,0.65,1,462892,167,5748909
2009-03-13,12.65,12.45,12.8,12.45,-0.1,-1,249498,103,3151373
2009-03-16,12.6,12.5,12.6,12.2,0.05,1,121730,59,1512735
2009-03-17,12.5,12.5,12.65,12.3,0.0,0,135657,50,1684596
2009-03-18,12.6,12.75,12.9,12.5,0.25,1,288872,108,3665884
2009-03-19,12.75,12.55,12.8,12.5,-0.2,-1,162088,89,2054098
2009-03-20,12.3,12.25,12.55,12.05,-0.3,-1,85018,50,1051518
2009-03-23,12.45,12.4,12.65,12.4,0.15,1,39627,29,494111
2009-03-24,12.5,12.75,12.85,12.3,0.35,1,352343,173,4439102
2009-03-25,12.55,13.0,13.1,12.4,0.25,1,381716,149,4901335
2009-03-26,13.0,13.15,13.35,12.8,0.15,1,308859,135,4039017
2009-03-27,13.2,13.5,13.75,13.05,0.35,1,558206,206,7503358
2009-03-30,13.45,12.6,13.45,12.6,-0.9,-1,389942,136,4959467
2009-03-31,12.5,12.6,12.6,12.3,0.0,0,177596,67,2213549
2009-04-01,12.6,12.65,12.8,12.4,0.05,1,294431,93,3709896
2009-04-02,12.8,12.6,12.9,12.6,-0.05,-1,259624,102,3300699
2009-04-03,12.3,12.55,12.75,12.3,-0.05,-1,134776,58,1692799
2009-04-06,12.6,12.65,12.95,12.55,0.1,1,244357,103,3120597
2009-04-07,12.6,12.7,12.9,12.6,0.05,1,148522,63,1887377
2009-04-08,12.7,13.0,13.2,12.6,0.3,1,418380,164,5386801
2009-04-09,13.25,13.45,13.45,13.0,0.45,1,376912,159,4987768
2009-04-10,13.7,13.45,13.7,13.3,0.0,0,385835,162,5198137
2009-04-13,13.5,14.35,14.35,13.5,0.9,1,1027063,306,14614749
2009-04-14,14.35,14.4,14.9,14.15,0.05,1,731900,276,10631509
2009-04-15,14.45,14.95,15.4,14.45,0.55,1,1228226,361,18660914
2009-04-16,15.15,15.2,15.4,15.0,0.25,1,290691,131,4421600
2009-04-17,15.1,14.15,15.3,14.15,-1.05,-1,435015,161,6412308
2009-04-20,14.15,13.7,14.15,13.35,-0.45,-1,285854,120,3867612
2009-04-21,13.5,13.8,13.8,13.2,0.1,1,204671,82,2778291
2009-04-22,13.8,13.55,13.85,13.55,-0.25,-1,216407,96,2954459
2009-04-23,13.3,13.95,14.2,13.3,0.4,1,201356,102,2759695
2009-04-24,13.9,14.0,14.1,13.6,0.05,1,243611,107,3361990
2009-04-27,14.2,13.6,14.2,13.5,-0.4,-1,398626,185,5520751
2009-04-28,13.8,13.5,13.95,13.4,-0.1,-1,193209,103,2606950
2009-04-29,13.5,13.45,13.65,13.35,-0.05,-1,108149,66,1453846
2009-04-30,13.6,14.1,14.35,13.6,0.65,1,547880,190,7786120
2009-05-04,14.65,14.45,14.95,14.0,0.35,1,313721,136,4554019
2009-05-05,15.0,14.5,15.0,14.3,0.05,1,397800,146,5789616
2009-05-06,14.4,14.7,15.0,14.4,0.2,1,306568,97,4510938
2009-05-07,14.85,15.1,15.7,14.75,0.4,1,453752,181,6932964
2009-05-08,14.8,14.75,14.9,14.65,-0.35,-1,179584,96,2647603
2009-05-11,14.9,14.55,15.0,14.55,-0.2,-1,195999,87,2899330
2009-05-12,14.55,14.15,14.55,14.0,-0.4,-1,123293,66,1756652
2009-05-13,14.15,14.2,14.4,14.0,0.05,1,219493,69,3103397
2009-05-14,14.2,14.1,14.2,13.75,-0.1,-1,218646,72,3070544
2009-05-15,14.1,14.1,14.4,14.1,0.0,0,173820,74,2466530
2009-05-18,13.9,14.0,14.2,13.9,-0.1,-1,106773,51,1498191
2009-05-19,14.1,14.2,14.7,14.0,0.2,1,260597,116,3751343
2009-05-20,14.2,14.5,14.6,14.05,0.3,1,206699,67,2976762
2009-05-21,14.5,14.55,14.85,14.5,0.05,1,160405,67,2346428
2009-05-22,14.5,14.4,14.7,14.1,-0.15,-1,325071,97,4687710
2009-05-25,14.5,15.1,15.4,14.45,0.7,1,605164,164,9148391
2009-05-26,14.6,14.75,15.0,14.6,-0.35,-1,258612,96,3837083
2009-05-27,14.75,15.0,15.55,14.65,0.25,1,336342,130,5049292
2009-06-01,15.1,14.9,15.1,14.9,-0.1,-1,187879,72,2810057
2009-06-02,15.0,15.9,15.9,14.9,1.0,1,1316156,397,20545921
2009-06-03,16.5,16.1,16.85,15.8,0.2,1,866699,286,14147984
2009-06-04,16.1,15.9,16.35,15.9,-0.2,-1,345939,111,5590731
2009-06-05,16.1,15.9,16.1,15.5,0.0,0,210510,100,3308956
2009-06-06,15.9,15.9,16.1,15.8,0.0,0,66882,36,1066495
2009-06-08,15.9,16.15,16.8,15.9,0.25,1,436673,161,7173983
2009-06-09,16.2,15.1,16.2,15.05,-1.05,-1,281438,99,4351012
2009-06-10,15.0,15.0,15.3,14.7,-0.1,-1,150164,69,2257010
2009-06-11,14.6,14.9,15.0,14.6,-0.1,-1,57209,27,847843
2009-06-12,14.8,14.95,15.1,14.7,0.05,1,99174,50,1469360
2009-06-15,14.8,14.35,14.8,14.3,-0.6,-1,200110,70,2907495
2009-06-16,14.3,14.55,14.6,14.25,0.2,1,85000,38,1221950
2009-06-17,14.5,14.55,14.95,14.25,0.0,0,29527,23,425293
2009-06-18,14.5,14.45,14.5,14.0,-0.1,-1,89875,42,1281098
2009-06-19,14.25,14.45,14.45,13.9,0.0,0,112313,45,1596606
2009-06-22,14.8,14.55,14.8,14.1,0.1,1,26940,20,391430
2009-06-23,14.5,14.65,14.65,14.3,0.1,1,57418,11,837202
2009-06-24,14.15,14.5,14.5,14.1,-0.15,-1,125600,51,1795688
2009-06-25,14.25,14.3,14.55,14.25,-0.2,-1,48986,32,704296
2009-06-26,14.2,14.2,14.65,14.2,-0.1,-1,207834,96,2987640
2009-06-29,13.75,13.95,14.35,13.6,0.0,0,92603,53,1284880
2009-06-30,13.95,13.7,14.0,13.7,-0.25,-1,19522,8,268448
2009-07-01,14.0,13.95,14.0,13.55,0.25,1,46982,22,645449
2009-07-02,14.0,14.0,14.25,13.9,0.05,1,107657,46,1509130
2009-07-03,14.05,14.6,14.95,14.05,0.6,1,795697,296,11813955
2009-07-06,14.8,14.7,14.85,14.6,0.1,1,430433,100,6326520
2009-07-07,14.9,14.6,14.9,14.5,-0.1,-1,116827,52,1710341
2009-07-08,14.15,14.25,14.8,14.1,-0.35,-1,152377,80,2168171
2009-07-09,14.6,14.3,14.6,14.2,0.05,1,145088,75,2092047
2009-07-10,14.4,14.35,14.6,14.35,0.05,1,162228,65,2350807
2009-07-13,14.35,13.9,14.35,13.9,-0.45,-1,79104,32,1109535
2009-07-14,13.9,14.0,14.25,13.9,0.1,1,124448,49,1736525
2009-07-15,14.1,14.2,14.3,14.0,0.2,1,175459,71,2474794
2009-07-16,14.4,14.3,14.45,14.0,0.1,1,266879,127,3792876
2009-07-17,14.35,14.2,14.35,14.05,-0.1,-1,154933,61,2212351
2009-07-20,14.3,15.15,15.15,14.3,0.95,1,391419,113,5900238
2009-07-21,16.2,16.2,16.2,16.2,1.05,1,518659,139,8402271
2009-07-22,17.3,17.3,17.3,17.3,1.1,1,555503,151,9610198
2009-07-23,18.5,18.5,18.5,18.5,1.2,1,319600,153,5912597
2009-07-24,19.75,18.95,19.75,17.8,0.45,1,3780901,991,72184424
2009-07-27,18.95,18.5,18.95,18.3,-0.45,-1,447614,179,8286892
2009-07-28,18.5,18.5,19.2,18.3,0.0,0,1003133,294,18833730
2009-07-29,19.0,18.0,19.0,17.65,-0.5,-1,379035,177,6907324
2009-07-30,18.3,19.25,19.25,17.6,1.25,1,1413693,442,26666084
2009-07-31,19.5,18.95,19.65,18.65,-0.3,-1,794180,248,15207241
2009-08-03,18.9,19.2,19.45,18.6,0.25,1,780487,185,14802753
2009-08-04,19.0,18.5,19.45,18.4,-0.7,-1,1201308,262,23030616
2009-08-05,18.5,17.3,18.8,17.25,-1.2,-1,820858,230,15029649
2009-08-06,17.5,17.6,17.95,17.3,0.3,1,200020,112,3518996
2009-08-10,17.6,18.05,18.2,17.6,0.45,1,214749,96,3863806
2009-08-11,18.35,18.15,18.55,18.0,0.1,1,186495,73,3395532
2009-08-12,18.3,18.15,18.5,18.0,0.0,0,128284,66,2348588
2009-08-13,18.0,18.6,19.4,18.0,0.45,1,752417,197,14235413
2009-08-14,18.25,18.35,18.8,18.1,-0.25,-1,165391,68,3043015
2009-08-17,18.2,18.7,18.95,18.1,0.35,1,283612,124,5267833
2009-08-18,18.2,18.0,18.5,17.6,-0.7,-1,330256,104,5973143
2009-08-19,18.6,18.1,18.6,18.1,0.1,1,86209,28,1581522
2009-08-20,18.75,18.2,18.8,18.15,0.1,1,649626,216,12016961
2009-08-21,18.5,18.1,18.7,18.1,-0.1,-1,426392,136,7833125
2009-08-24,18.5,18.0,18.5,17.6,-0.1,-1,116684,71,2101125
2009-08-25,18.0,18.2,18.35,17.9,0.2,1,104268,48,1883024
2009-08-26,18.0,17.8,18.05,17.65,-0.4,-1,100817,60,1801159
2009-08-27,17.8,17.6,18.0,17.5,-0.2,-1,182478,79,3224779
2009-08-28,17.7,18.5,18.8,17.7,0.9,1,523149,188,9727690
2009-08-31,18.55,18.45,18.55,18.0,-0.05,-1,149896,85,2755030
2009-09-01,18.45,19.25,19.55,18.3,0.8,1,1263955,328,24216734
2009-09-02,19.3,19.8,20.05,19.25,0.55,1,1080844,419,21391173
2009-09-03,19.5,19.1,19.5,18.75,-0.7,-1,625329,246,11950551
2009-09-04,19.2,19.1,19.2,18.75,0.0,0,500499,186,9507531
2009-09-07,19.0,18.85,19.1,18.35,-0.25,-1,567329,228,10527552
2009-09-08,18.8,18.1,18.8,18.05,-0.75,-1,366148,169,6739020
2009-09-09,18.1,17.85,18.3,17.8,-0.25,-1,323670,130,5816805
2009-09-10,18.0,17.9,18.2,17.75,0.05,1,142939,80,2556714
2009-09-11,17.8,18.0,18.0,17.75,0.1,1,101505,54,1813138
2009-09-14,18.0,18.05,18.2,17.75,0.05,1,172996,62,3110227
2009-09-15,18.0,18.45,18.65,18.0,0.4,1,832909,135,15428081
2009-09-16,18.6,18.6,18.85,18.35,0.15,1,276499,103,5149829
2009-09-17,18.75,18.2,18.75,18.2,-0.4,-1,307153,111,5671565
2009-09-18,18.3,18.65,18.65,18.2,0.45,1,259626,103,4801080
2009-09-21,18.85,18.3,18.85,17.35,-0.35,-1,225629,126,4095029
2009-09-22,18.4,18.0,18.45,17.95,-0.3,-1,260861,102,4745960
2009-09-23,18.25,17.8,18.25,17.7,-0.2,-1,370500,111,6617698
2009-09-24,18.0,18.0,18.15,17.8,0.2,1,235513,77,4222580
2009-09-25,18.2,18.0,18.45,18.0,0.0,0,168466,80,3063189
2009-09-28,18.0,18.3,18.45,18.0,0.3,1,145700,62,2659539
2009-09-29,18.4,18.25,18.65,18.2,-0.05,-1,304089,115,5600609
2009-09-30,18.25,18.3,18.5,18.2,0.05,1,99817,64,1831409
2009-10-01,18.4,18.9,19.5,18.4,0.6,1,909134,339,17282017
2009-10-02,18.85,18.7,19.2,18.6,-0.2,-1,365731,173,6928643
2009-10-05,19.0,18.6,19.15,18.55,-0.1,-1,456837,158,8602184
2009-10-06,18.9,18.5,18.9,18.4,-0.1,-1,344506,175,6393907
2009-10-07,18.6,18.5,18.75,18.45,0.0,0,288402,111,5364452
2009-10-08,18.7,18.0,18.7,18.0,-0.5,-1,247797,133,4543146
2009-10-09,18.05,18.25,18.25,18.05,0.25,1,207264,92,3750825
2009-10-12,18.4,18.2,18.4,18.1,-0.05,-1,121989,75,2233396
2009-10-13,18.5,18.3,18.5,18.05,0.1,1,208691,92,3802185
2009-10-14,18.5,18.7,19.0,18.3,0.4,1,614604,211,11513372
2009-10-15,18.9,18.55,18.95,18.3,-0.15,-1,319454,131,5957299
2009-10-16,18.65,18.55,18.65,18.35,0.0,0,283264,90,5236433
2009-10-19,18.55,18.55,18.65,18.3,0.0,0,295505,104,5464188
2009-10-20,18.7,18.95,19.15,18.65,0.4,1,419590,204,7957316
2009-10-21,18.95,20.25,20.25,18.7,1.3,1,1532594,497,30343023
2009-10-22,20.6,19.5,20.6,19.5,-0.75,-1,1017543,406,20442876
2009-10-23,19.7,19.5,19.85,19.2,0.0,0,480267,201,9317149
2009-10-26,19.3,19.2,19.8,19.1,-0.3,-1,225042,104,4353198
2009-10-27,19.0,19.0,19.2,18.9,-0.2,-1,216149,95,4102550
2009-10-28,19.05,18.6,19.2,18.6,-0.4,-1,243596,93,4587724
2009-10-29,18.0,17.9,18.45,17.35,-0.7,-1,545418,194,9648239
2009-10-30,17.9,17.6,18.0,17.6,-0.3,-1,173183,89,3077402
2009-11-02,16.9,17.7,17.8,16.9,0.1,1,138600,60,2413710
2009-11-03,17.7,17.85,17.85,17.4,0.15,1,89298,49,1579371
2009-11-04,17.8,18.1,18.25,17.8,0.25,1,127426,57,2301568
2009-11-05,18.2,17.85,18.2,17.85,-0.25,-1,71104,39,1277440
2009-11-06,18.25,17.8,18.25,17.8,-0.05,-1,108239,58,1938579
2009-11-09,18.0,17.9,18.2,17.9,0.1,1,76970,43,1386414
2009-11-10,18.15,18.0,18.15,17.75,0.1,1,160190,71,2858149
2009-11-11,17.9,18.2,18.2,17.7,0.2,1,93688,43,1671834
2009-11-12,17.75,17.8,18.05,17.75,-0.4,-1,109626,63,1961415
2009-11-13,17.8,18.1,18.1,17.7,0.3,1,171643,81,3070658
2009-11-16,18.1,18.05,18.1,17.95,-0.05,-1,322219,114,5806192
2009-11-17,18.5,18.0,18.5,17.85,-0.05,-1,358792,123,6493623
2009-11-18,17.9,18.2,18.3,17.8,0.2,1,334252,126,6033886
2009-11-19,18.2,17.95,18.25,17.95,-0.25,-1,272087,108,4919851
2009-11-20,18.0,18.0,18.15,18.0,0.05,1,165780,67,2996159
2009-11-23,17.95,18.0,18.1,17.95,0.0,0,206731,88,3722384
2009-11-24,18.0,18.1,18.15,18.0,0.1,1,221462,114,4002766
2009-11-25,18.05,18.1,18.55,18.0,0.0,0,612621,258,11184263
2009-11-26,18.1,18.0,18.25,18.0,-0.1,-1,369622,117,6691413
2009-11-27,17.9,17.4,17.9,17.4,-0.6,-1,507226,185,8963930
2009-11-30,17.5,17.55,17.75,17.4,0.15,1,233798,97,4091314
2009-12-01,17.55,17.5,17.65,17.35,-0.05,-1,270461,111,4733568
2009-12-02,17.55,17.5,17.7,17.45,0.0,0,422078,155,7414313
2009-12-03,17.7,17.5,17.75,17.4,0.0,0,349612,132,6152336
2009-12-04,17.8,17.4,17.8,17.4,-0.1,-1,280816,105,4910895
2009-12-07,17.45,17.5,17.7,17.45,0.1,1,331500,132,5821845
2009-12-08,17.5,18.0,18.0,17.5,0.5,1,766467,285,13651707
2009-12-09,18.0,18.15,18.45,18.0,0.15,1,581188,248,10579250
2009-12-10,18.2,17.9,18.4,17.9,-0.25,-1,496206,190,8983784
2009-12-11,18.1,18.1,18.2,17.95,0.2,1,263504,131,4749470
2009-12-14,18.2,18.9,19.15,18.1,0.8,1,1265870,489,23728445
2009-12-15,19.1,18.95,19.35,18.65,0.05,1,651896,282,12443326
2009-12-16,18.95,19.45,19.8,18.65,0.5,1,1073478,412,20812246
2009-12-17,19.8,19.15,19.8,18.8,-0.3,-1,860322,285,16581249
2009-12-18,19.1,19.7,20.0,19.0,0.55,1,1121355,392,22022755
2009-12-21,20.7,21.05,21.05,20.7,1.35,1,2385979,688,50130052
2009-12-22,22.0,20.8,22.4,20.8,-0.25,-1,2725083,1115,58753623
2009-12-23,21.5,20.9,21.5,20.9,0.1,1,1419593,576,30052231
2009-12-24,21.3,21.45,22.35,21.05,0.55,1,3048729,1009,67063594
2009-12-25,21.6,22.95,22.95,21.2,1.5,1,4301935,1251,96720793
2009-12-28,24.55,24.55,24.55,24.55,1.6,1,1194240,404,29318590
2009-12-29,26.25,25.35,26.25,25.1,0.8,1,5633681,2100,145826917
2009-12-30,25.5,27.1,27.1,25.5,1.75,1,3366894,1212,90365917
2009-12-31,28.05,27.1,28.5,27.0,0.0,0,3285480,1459,91084749
2010-01-04,27.1,25.25,27.1,25.25,-1.85,-1,2475606,1009,63524351
2010-01-05,25.3,23.7,25.45,23.5,-1.55,-1,2622056,1147,63122622
2010-01-06,24.1,23.85,24.5,23.85,0.15,1,1222434,506,29422927
2010-01-07,24.0,23.0,24.55,22.85,-0.85,-1,1265347,547,30006456
2010-01-08,23.0,23.25,23.25,22.5,0.25,1,1416837,532,32507233
2010-01-11,23.25,22.9,23.45,22.85,-0.35,-1,856685,363,19811495
2010-01-12,22.9,24.5,24.5,22.9,1.6,1,2761403,738,66364121
2010-01-13,24.5,24.5,25.15,24.1,0.0,0,3155145,1046,78029659
2010-01-14,24.6,25.4,26.1,24.3,0.9,1,2682790,1068,68626291
2010-01-15,25.4,24.75,25.5,24.7,-0.65,-1,1003004,473,25067190
2010-01-18,24.5,24.25,24.65,24.0,-0.5,-1,1041815,451,25323960
2010-01-19,24.0,24.3,25.4,24.0,0.05,1,1468070,709,36268148
2010-01-20,24.8,24.1,25.1,24.05,-0.2,-1,788481,374,19269741
2010-01-21,23.8,23.05,24.1,23.0,-1.05,-1,892501,378,20920820
2010-01-22,21.75,22.15,22.7,21.75,-0.9,-1,759566,337,16850752
2010-01-25,21.7,22.1,22.9,21.7,-0.05,-1,1032786,383,23209559
2010-01-26,22.6,20.7,22.6,20.6,-1.4,-1,1096806,408,23350783
2010-01-27,20.8,21.2,21.85,20.55,0.5,1,1694030,567,35768828
2010-01-28,21.6,22.3,22.6,21.05,1.1,1,954345,384,21053842
2010-01-29,22.2,22.5,22.6,21.65,0.2,1,611762,290,13538642
2010-02-01,22.6,22.65,23.2,22.5,0.15,1,648702,316,14820589
2010-02-02,23.7,21.1,23.7,21.1,-1.55,-1,754116,303,17258164
2010-02-03,22.0,22.0,22.55,21.7,0.9,1,983153,478,21797889
2010-02-04,22.1,21.8,22.2,21.7,-0.2,-1,450395,215,9890220
2010-02-05,20.6,20.3,21.0,20.3,-1.5,-1,726009,335,14892334
2010-02-06,20.35,19.05,20.35,18.9,-1.25,-1,994854,341,18958795
2010-02-08,18.95,19.3,19.45,18.95,0.25,1,273235,143,5252119
2010-02-09,19.3,19.9,20.1,19.2,0.6,1,398399,206,7852099
2010-02-10,20.3,20.3,20.9,20.0,0.4,1,358563,191,7306543
2010-02-22,21.2,20.3,21.2,20.05,0.0,0,436418,175,8917592
2010-02-23,20.3,20.15,20.3,20.0,-0.15,-1,238100,114,4774285
2010-02-24,20.1,19.95,20.5,19.75,-0.2,-1,458145,192,9197250
2010-02-25,20.05,21.3,21.3,20.05,1.35,1,1461149,517,30777020
2010-02-26,21.2,20.6,21.25,20.55,-0.7,-1,704198,283,14701087
2010-03-01,20.7,21.0,21.2,20.5,0.4,1,370212,146,7733529
2010-03-02,21.0,21.2,21.3,20.8,0.2,1,362104,173,7626343
2010-03-03,21.45,22.0,22.3,21.3,0.8,1,1066459,545,23347700
2010-03-04,22.2,21.35,22.2,21.2,-0.65,-1,509388,229,11046025
2010-03-05,21.6,21.85,22.25,21.6,0.5,1,585778,283,12822659
2010-03-08,21.85,22.55,23.0,21.85,0.7,1,791017,450,17894780
2010-03-09,22.6,22.8,23.0,22.3,0.25,1,455095,221,10282699
2010-03-10,23.2,23.3,23.9,23.1,0.5,1,620700,358,14557537
2010-03-11,23.7,22.9,23.7,22.85,-0.4,-1,535397,253,12472050
2010-03-12,23.2,23.35,23.65,22.95,0.45,1,473209,235,11027298
2010-03-15,23.85,23.8,24.15,23.4,0.45,1,615857,328,14685593
2010-03-16,23.9,24.4,24.65,23.85,0.6,1,829060,396,20182153
2010-03-17,24.6,24.8,25.45,24.4,0.4,1,1487199,609,37153103
2010-03-18,25.45,26.5,26.5,25.45,1.7,1,2940618,939,77525908
2010-03-19,26.5,27.2,27.8,26.05,0.7,1,1740454,742,47028674
2010-03-22,27.8,27.3,27.8,27.05,0.1,1,960163,441,26301822
2010-03-23,27.5,26.7,27.5,26.0,-0.6,-1,1295282,519,34833091
2010-03-24,26.8,27.2,27.3,26.8,0.5,1,983414,363,26609044
2010-03-25,27.5,28.0,29.0,27.5,0.8,1,2345262,874,66201386
2010-03-26,28.0,28.0,28.5,27.5,0.0,0,1249071,454,35129453
2010-03-29,28.2,27.75,28.55,27.4,-0.25,-1,1442282,522,40474108
2010-03-30,27.75,27.4,28.0,27.0,-0.35,-1,836204,329,22921246
2010-03-31,27.0,26.5,27.5,26.1,-0.9,-1,1096745,444,29239191
2010-04-01,26.5,26.1,26.7,25.9,-0.4,-1,795795,348,20875037
2010-04-02,26.3,27.9,27.9,26.1,1.8,1,2452203,882,67252056
2010-04-06,28.7,29.85,29.85,28.5,1.95,1,3457488,1069,101990755
2010-04-07,30.35,29.9,30.5,29.2,0.05,1,2984404,1305,89268904
2010-04-08,29.9,28.8,30.3,28.65,-1.1,-1,1362561,586,40208305
2010-04-09,28.8,29.2,30.2,28.8,0.4,1,952350,505,28057366
2010-04-12,30.0,31.2,31.2,29.8,2.0,1,1122217,381,34792059
2010-04-13,31.2,30.5,31.8,30.3,-0.7,-1,3370881,1218,105010967
2010-04-14,30.6,30.4,30.8,29.85,-0.1,-1,927810,460,28100855
2010-04-15,30.5,30.4,31.5,30.4,0.0,0,1558100,576,48047087
2010-04-16,30.4,30.1,30.9,30.05,-0.3,-1,1077302,438,32789337
2010-04-19,29.2,28.0,30.1,28.0,-2.1,-1,1647108,594,47317674
2010-04-20,28.2,28.75,28.8,27.0,0.75,1,979346,440,27507364
2010-04-21,29.0,29.85,30.6,29.0,1.1,1,782184,416,23321957
2010-04-22,29.8,29.65,29.95,29.5,-0.2,-1,363926,183,10816767
2010-04-23,29.05,31.0,31.65,29.05,1.35,1,1573932,728,48527745
2010-04-26,31.6,32.3,33.15,31.15,1.3,1,5243497,1647,171196271
2010-04-27,31.9,31.85,32.6,30.8,-0.45,-1,1086729,562,34312286
2010-04-28,30.1,31.3,31.45,30.05,-0.55,-1,828956,374,25598473
2010-04-29,32.85,31.5,32.85,31.5,0.2,1,1192558,513,38262266
2010-04-30,32.9,32.0,33.7,31.7,0.5,1,5365487,1539,177790200
2010-05-03,32.0,31.9,32.7,31.05,-0.1,-1,2117704,863,67428750
2010-05-04,33.0,34.1,34.1,33.0,2.2,1,3705496,1030,126078152
2010-05-05,33.9,32.5,33.9,32.0,-1.6,-1,2595573,1046,85040854
2010-05-06,32.5,32.85,34.4,32.3,0.35,1,2740373,1290,91404231
2010-05-07,32.05,31.95,32.7,30.6,-0.9,-1,1772758,675,55828477
2010-05-10,32.2,34.0,34.15,31.95,2.05,1,2076592,779,69432456
2010-05-11,34.3,34.8,36.35,34.1,0.8,1,3688366,1251,130482774
2010-05-12,35.0,34.7,35.35,34.4,-0.1,-1,888664,434,30884473
2010-05-13,35.1,34.75,36.0,34.75,0.05,1,990197,440,34971765
2010-05-14,35.6,36.15,36.7,35.45,1.4,1,2112042,872,75979453
2010-05-17,35.45,35.1,35.7,35.1,-1.05,-1,825645,405,29187458
2010-05-18,35.85,37.2,37.55,35.3,2.1,1,5239000,2057,194572743
2010-05-19,37.0,36.65,37.0,35.6,-0.55,-1,1795791,879,65369967
2010-05-20,37.0,35.0,37.6,35.0,-1.65,-1,2080000,968,75846850
2010-05-21,32.55,32.55,33.25,32.55,-2.45,-1,1556591,595,50741134
2010-05-24,32.95,31.85,33.15,31.5,-0.7,-1,831523,471,26615205
2010-05-25,31.55,30.0,31.8,29.65,-1.85,-1,981509,573,29758317
2010-05-26,29.05,31.9,32.0,29.05,1.9,1,1051255,495,32406159
2010-05-27,32.2,33.0,33.4,31.9,1.1,1,1749773,705,57275929
2010-05-28,33.8,33.5,34.4,33.1,0.5,1,1158304,536,38984437
2010-05-31,33.75,34.0,34.3,33.05,0.5,1,689703,379,23280579
2010-06-01,34.0,34.65,35.6,33.55,0.65,1,1296873,684,45258267
2010-06-02,34.4,35.4,37.0,33.85,0.75,1,2779472,1099,100333631
2010-06-03,37.0,37.1,37.8,36.55,1.7,1,3463352,1307,128721097
2010-06-04,38.6,36.8,38.6,36.8,-0.3,-1,1901744,978,71586460
2010-06-07,35.0,34.7,35.25,34.25,-2.1,-1,1706670,751,59101396
2010-06-08,34.0,34.65,35.4,34.0,-0.05,-1,801609,395,27945000
2010-06-09,35.0,32.85,35.3,32.35,-1.8,-1,1397781,657,47126738
2010-06-10,31.6,33.0,33.5,31.6,0.15,1,1107701,554,35902916
2010-06-11,34.85,33.9,34.85,33.75,0.9,1,631000,359,21530550
2010-06-14,34.5,35.2,35.55,34.4,1.3,1,1219978,571,42741480
2010-06-15,35.2,35.5,36.15,35.2,0.3,1,933943,477,33288582
2010-06-17,35.6,35.7,37.0,35.1,0.2,1,1480130,721,53450918
2010-06-18,35.9,35.75,36.5,35.4,0.05,1,480498,276,17256151
2010-06-21,36.2,35.3,36.2,34.85,-0.45,-1,878292,406,31078446
2010-06-22,35.4,35.0,35.5,34.9,-0.3,-1,571220,268,20100875
2010-06-23,34.95,35.85,36.4,34.8,0.85,1,1629179,577,58476979
2010-06-24,36.15,35.65,36.2,35.55,-0.2,-1,1197326,311,42909884
2010-06-25,35.1,34.65,35.15,34.3,-1.0,-1,650780,325,22655825
2010-06-28,35.0,34.1,35.0,33.85,-0.55,-1,1152583,322,39519627
2010-06-29,34.0,33.05,34.3,33.0,0.0,0,1772641,576,59670214
2010-06-30,32.4,33.5,34.0,32.2,0.45,1,1161006,395,38364452
2010-07-01,34.5,35.1,35.6,34.0,1.6,1,1766151,728,62096365
2010-07-02,35.8,36.2,37.4,35.6,1.1,1,4322262,1528,157835332
2010-07-05,37.0,35.8,37.3,35.5,-0.4,-1,2194524,1013,79593402
2010-07-06,36.4,36.2,36.6,35.5,0.4,1,1676000,817,60385498
2010-07-07,36.7,36.45,37.15,36.0,0.25,1,2647000,1170,96963248
2010-07-08,37.75,36.75,37.9,36.75,0.3,1,2849598,1056,105810964
2010-07-09,37.0,39.3,39.3,36.7,2.55,1,5637789,2180,218006443
2010-07-12,41.0,42.05,42.05,40.7,2.75,1,3769047,1272,156944758
2010-07-13,43.0,41.65,44.4,41.15,-0.4,-1,6220800,2964,266692851
2010-07-14,42.2,41.65,42.55,41.0,0.0,0,3776000,1766,157437595
2010-07-15,41.65,42.1,43.45,41.65,0.45,1,4065300,2057,172822324
2010-07-16,42.2,39.25,42.65,39.2,-2.85,-1,4458792,2177,179296896
2010-07-19,38.75,39.0,39.0,37.7,-0.25,-1,2107667,1006,80693778
2010-07-20,39.0,38.5,39.0,38.0,-0.5,-1,2122043,1072,81361704
2010-07-21,38.5,37.05,38.65,37.0,-1.45,-1,3024239,1277,113648890
2010-07-22,37.05,37.75,38.75,37.05,0.7,1,3003069,1510,113675042
2010-07-23,38.0,37.5,38.95,37.5,-0.25,-1,2237841,1133,85415188
2010-07-26,38.1,37.8,38.65,37.5,0.3,1,1693714,886,64432530
2010-07-27,37.95,38.25,38.7,37.5,0.45,1,1637100,750,62649154
2010-07-28,38.75,38.8,39.6,38.5,0.55,1,2541522,1150,99307128
2010-07-29,38.8,37.6,39.0,37.55,-1.2,-1,1591274,843,60464773
2010-07-30,37.4,36.3,38.0,35.95,-1.3,-1,2154133,1049,79134423
2010-08-02,36.45,35.9,36.8,35.6,-0.4,-1,1496617,726,54008737
2010-08-03,36.3,36.25,36.5,35.85,0.35,1,802390,408,28958856
2010-08-04,36.3,36.8,37.3,36.1,0.55,1,1122900,629,41244577
2010-08-05,37.2,35.0,37.2,35.0,-1.8,-1,1556049,805,55883607
2010-08-06,35.0,35.0,35.45,34.0,0.0,0,1790940,846,61773800
2010-08-09,35.0,34.25,35.7,34.25,-0.75,-1,1325109,631,46205881
2010-08-10,35.1,36.6,36.6,35.0,2.35,1,1850718,709,66840725
2010-08-11,37.5,38.3,38.65,37.05,1.7,1,7712661,3059,292494413
2010-08-12,38.1,39.45,40.4,38.0,1.15,1,7408512,2874,290860045
2010-08-13,40.5,39.5,40.7,39.5,0.05,1,4933748,1996,197851790
2010-08-16,39.95,39.3,39.95,38.5,-0.2,-1,2892839,1214,113307120
2010-08-17,39.5,39.3,41.5,38.8,0.0,0,4905244,1953,197196685
2010-08-18,39.5,38.95,39.95,38.7,-0.35,-1,1702451,910,66772990
2010-08-19,39.0,38.85,39.5,38.85,-0.1,-1,1393500,718,54498874
2010-08-20,38.85,39.85,40.45,38.8,1.0,1,2361000,1100,93844745
2010-08-23,40.85,40.95,41.5,40.1,1.1,1,4367730,1781,178793128
2010-08-24,41.35,40.3,41.55,39.8,-0.65,-1,3364551,1302,136553397
2010-08-25,40.0,37.7,40.0,37.5,-2.6,-1,2314253,950,89154336
2010-08-26,37.6,37.85,38.15,37.1,0.15,1,896625,483,33822652
2010-08-27,38.05,38.7,38.9,38.0,0.85,1,1086204,437,41925554
2010-08-30,39.45,38.35,39.45,38.1,-0.35,-1,564085,301,21659746
2010-08-31,38.35,36.5,38.35,35.8,-1.85,-1,1249098,512,45666877
2010-09-01,36.5,36.95,37.0,36.1,0.45,1,1152731,502,42209032
2010-09-02,37.2,37.15,37.7,37.1,0.2,1,865101,287,32305662
2010-09-03,37.65,38.0,38.9,37.65,0.85,1,1419007,712,54509666
2010-09-06,39.0,38.95,39.3,38.5,0.95,1,1209976,567,47033993
2010-09-07,39.4,38.6,39.45,38.3,-0.35,-1,1015624,472,39534873
2010-09-08,38.3,37.6,38.8,37.6,-1.0,-1,602000,310,22822200
2010-09-09,37.8,37.7,38.4,37.65,0.1,1,402497,237,15238787
2010-09-10,37.9,38.2,38.2,37.4,0.5,1,623029,351,23562652
2010-09-13,38.6,40.55,40.85,38.0,2.35,1,3946187,1453,158219261
2010-09-14,40.65,40.0,40.85,39.6,-0.55,-1,4329600,1360,175187050
2010-09-15,40.0,39.15,40.0,39.1,-0.85,-1,1410104,658,55473445
2010-09-16,39.3,38.65,39.5,38.6,-0.5,-1,1038089,455,40471157
2010-09-17,38.8,40.15,40.8,38.7,1.5,1,4127401,1641,165375467
2010-09-20,40.75,39.85,40.8,39.7,-0.3,-1,3285377,1232,132370213
2010-09-21,40.0,39.25,40.4,39.2,-0.6,-1,1182389,558,46999630
2010-09-23,39.65,41.0,41.5,39.65,1.75,1,2968703,1327,120726630
2010-09-24,41.5,41.9,43.65,41.5,0.9,1,9254712,3911,392867353
2010-09-27,42.5,41.25,43.5,41.15,-0.65,-1,3512203,1658,149456970
2010-09-28,41.2,41.05,42.4,41.05,-0.2,-1,1740000,942,72418948
2010-09-29,41.9,41.15,42.1,40.8,0.1,1,1321846,644,54816942
2010-09-30,41.4,40.1,41.8,40.1,-1.05,-1,1482364,738,60203707
2010-10-01,40.1,39.9,40.7,39.9,-0.2,-1,1316896,648,52853190
2010-10-04,40.5,39.1,40.5,39.1,-0.8,-1,1668091,702,66480492
2010-10-05,39.1,38.5,39.1,37.75,-0.6,-1,1345274,654,51473942
2010-10-06,39.0,38.65,39.5,38.5,0.15,1,1680896,705,65622434
2010-10-07,38.65,38.8,39.1,38.6,0.15,1,697249,394,27103860
2010-10-08,38.9,38.9,39.3,38.5,0.1,1,595889,359,23100830
2010-10-11,39.5,37.3,39.6,37.0,-1.6,-1,1921583,934,72492747
2010-10-12,37.0,36.8,37.5,36.65,-0.5,-1,1214268,585,44865720
2010-10-13,37.0,37.2,37.3,36.6,0.4,1,531200,348,19665990
2010-10-14,37.3,36.8,37.7,36.75,-0.4,-1,626417,356,23282259
2010-10-15,36.75,35.85,37.15,35.6,-0.95,-1,919626,522,33447486
2010-10-18,35.05,33.5,35.8,33.35,-2.35,-1,2122003,920,71492700
2010-10-19,33.35,34.4,34.5,33.1,0.9,1,710200,389,24129238
2010-10-20,34.0,34.45,34.7,33.5,0.05,1,593063,329,20313978
2010-10-21,34.45,33.75,34.85,33.55,-0.7,-1,718730,366,24387985
2010-10-22,33.8,33.75,34.1,33.6,0.0,0,654471,279,22121444
2010-10-25,34.2,35.0,35.3,34.0,1.25,1,1508509,717,52660962
2010-10-26,35.2,34.6,35.2,34.35,-0.4,-1,380567,219,13196447
2010-10-27,35.3,35.35,36.15,35.25,0.75,1,1791115,805,63801363
2010-10-28,35.45,35.55,35.55,34.85,0.2,1,924214,435,32618263
2010-10-29,35.7,35.9,35.9,35.45,0.35,1,894115,465,31922451
2010-11-01,36.35,34.9,36.45,34.85,-1.0,-1,1404574,696,50288572
2010-11-02,34.9,33.9,35.05,33.65,-1.0,-1,735661,382,25283506
2010-11-03,33.8,31.6,33.8,31.55,-2.3,-1,4471623,1680,142727716
2010-11-04,31.6,32.0,32.0,31.4,0.4,1,911648,446,28937536
2010-11-05,32.25,31.7,32.25,31.6,-0.3,-1,598559,332,19087688
2010-11-08,31.55,29.6,31.7,29.55,-2.1,-1,1194485,595,36257473
2010-11-09,30.0,30.6,30.75,29.85,1.0,1,488359,286,14861612
2010-11-10,30.95,31.75,31.95,30.8,1.15,1,815588,486,25728448
2010-11-11,32.1,32.1,32.65,32.0,0.35,1,871535,443,28215098
2010-11-12,32.1,31.7,32.4,31.5,-0.4,-1,435365,252,13861547
2010-11-15,31.8,31.75,32.4,31.2,0.05,1,459500,222,14650150
2010-11-16,31.75,31.75,32.3,31.75,0.0,0,224018,131,7159668
2010-11-17,31.5,31.65,31.75,31.4,-0.1,-1,212000,122,6694700
2010-11-18,31.75,31.95,32.1,31.75,0.3,1,207418,111,6620142
2010-11-19,32.2,31.8,32.2,31.15,-0.15,-1,614522,273,19409845
2010-11-22,31.8,31.3,31.8,31.2,-0.5,-1,206104,142,6475659
2010-11-23,31.3,30.95,31.45,30.95,-0.35,-1,242100,146,7555395
2010-11-24,30.55,30.1,30.8,30.1,-0.85,-1,444652,247,13526992
2010-11-25,30.2,30.55,30.9,30.2,0.45,1,215262,136,6579213
2010-11-26,30.55,30.6,30.9,30.5,0.05,1,300209,170,9202002
2010-11-29,31.0,31.05,31.25,30.95,0.45,1,184522,126,5731657
2010-11-30,31.2,31.5,31.7,30.9,0.45,1,499325,231,15646636
2010-12-01,31.6,32.3,32.3,31.55,0.8,1,492398,302,15811774
2010-12-02,32.8,33.1,33.4,32.5,0.8,1,964350,471,31758831
2010-12-03,32.6,32.8,33.0,32.6,-0.3,-1,671567,274,21977282
2010-12-06,32.8,33.4,33.5,32.65,0.6,1,839409,449,27786327
2010-12-07,33.8,35.1,35.6,33.35,1.7,1,2068112,1084,71578576
2010-12-08,35.15,34.8,35.3,34.6,-0.3,-1,822737,432,28671745
2010-12-09,35.0,35.1,35.3,34.95,0.3,1,796000,388,27958200
2010-12-10,35.0,34.35,35.0,34.25,-0.75,-1,647429,332,22383728
2010-12-13,34.5,34.65,34.95,34.5,0.3,1,453000,251,15709450
2010-12-14,34.7,35.4,36.7,34.7,0.75,1,2091037,997,74691849
2010-12-15,35.4,34.2,35.4,34.2,-1.2,-1,623537,328,21626208
2010-12-16,34.35,34.2,34.7,34.05,0.0,0,331000,195,11373850
2010-12-17,34.5,33.8,34.95,33.65,-0.4,-1,823053,364,28082882
2010-12-20,34.25,33.7,34.25,33.5,-0.1,-1,491980,293,16599927
2010-12-21,34.15,34.55,34.6,33.7,0.85,1,538140,302,18390057
2010-12-22,34.9,35.1,35.4,34.55,0.55,1,828655,429,29042586
2010-12-23,35.2,34.85,35.7,34.85,-0.25,-1,758323,354,26780591
2010-12-24,35.2,34.95,35.3,34.8,0.1,1,472500,253,16531270
2010-12-27,34.8,34.2,35.0,34.2,-0.75,-1,369507,199,12707885
2010-12-28,34.5,33.9,34.5,33.85,-0.3,-1,257104,145,8763025
2010-12-29,33.95,33.1,34.1,33.1,-0.8,-1,335240,194,11223404
2010-12-30,33.5,33.35,33.85,33.35,0.25,1,167045,94,5590792
2010-12-31,33.4,33.9,34.3,33.4,0.55,1,267970,157,9075987
2011-01-03,34.3,34.2,34.7,34.0,0.3,1,277157,172,9478171
2011-01-04,34.2,34.4,35.0,34.2,0.2,1,468801,228,16260153
2011-01-05,34.95,34.2,35.0,33.75,-0.2,-1,352566,197,12114056
2011-01-06,34.45,34.6,34.8,33.8,0.4,1,552452,278,19001419
2011-01-07,34.85,34.2,34.9,33.8,-0.4,-1,527215,244,18037710
2011-01-10,34.9,35.15,35.8,34.9,0.95,1,2545025,1175,90015274
2011-01-11,35.2,36.0,36.5,34.8,0.85,1,3045538,1402,109647868
2011-01-12,36.45,36.5,36.5,35.7,0.5,1,1788063,801,64638636
2011-01-13,36.6,35.8,36.85,35.8,-0.7,-1,929819,466,33741197
2011-01-14,36.0,35.15,36.0,35.1,-0.65,-1,468750,264,16595973
2011-01-17,35.05,36.1,36.5,35.05,0.95,1,1588708,729,57318441
2011-01-18,36.5,35.75,36.75,35.75,-0.35,-1,2007300,797,73153449
2011-01-19,36.0,35.3,36.1,35.3,-0.45,-1,694316,433,24698404
2011-01-20,35.75,35.1,35.75,35.1,-0.2,-1,413431,246,14624660
2011-01-21,35.1,34.75,35.3,34.7,-0.35,-1,443322,224,15507487
2011-01-24,34.75,34.55,35.1,34.55,-0.2,-1,385290,173,13392046
2011-01-25,34.65,34.75,35.1,34.55,0.2,1,306318,165,10645848
2011-01-26,35.1,34.95,35.1,34.8,0.2,1,206888,126,7233163
2011-01-27,34.95,35.6,35.85,34.95,0.65,1,604743,295,21385901
2011-01-28,35.85,35.1,35.85,35.05,-0.5,-1,394209,229,13909491
2011-02-08,35.2,34.7,35.2,34.7,-0.4,-1,455853,150,15895269
2011-02-09,34.7,34.4,35.0,34.25,-0.3,-1,301616,197,10446065
2011-02-10,34.3,34.1,34.8,34.1,-0.3,-1,229409,146,7881245
2011-02-11,34.05,32.15,34.05,31.9,-1.95,-1,896949,471,29165254
2011-02-14,32.3,32.75,33.0,32.3,0.6,1,236483,170,7752694
2011-02-15,32.75,33.05,33.6,32.6,0.3,1,285209,174,9475075
2011-02-16,33.1,33.25,33.6,33.1,0.2,1,236156,132,7898863
2011-02-17,33.45,33.5,33.65,33.35,0.25,1,216110,134,7239063
2011-02-18,33.65,33.25,33.95,33.2,-0.25,-1,323923,212,10851640
2011-02-21,32.95,32.55,33.25,32.5,-0.7,-1,435119,213,14257305
2011-02-22,32.5,32.1,32.5,32.0,-0.45,-1,418255,228,13428284
2011-02-23,32.0,31.35,32.0,31.35,-0.75,-1,373073,182,11821049
2011-02-24,31.4,31.2,31.6,31.05,-0.15,-1,275346,174,8600743
2011-02-25,31.3,31.5,31.55,31.0,0.3,1,243106,140,7612232
2011-03-01,31.8,32.5,32.8,31.8,1.0,1,234127,139,7574745
2011-03-02,32.3,31.9,32.3,31.85,-0.6,-1,255104,138,8164578
2011-03-03,32.0,32.8,33.5,32.0,0.9,1,538799,278,17647645
2011-03-04,33.0,32.55,33.35,32.55,-0.25,-1,280608,165,9198891
2011-03-07,32.5,32.3,32.75,32.3,-0.25,-1,258354,133,8367200
2011-03-08,32.35,32.6,32.8,32.35,0.3,1,143626,85,4670307
2011-03-09,33.2,32.6,33.2,32.4,0.0,0,191208,105,6236787
2011-03-10,32.6,32.4,32.7,32.1,-0.2,-1,256200,139,8282349
2011-03-11,33.65,34.65,34.65,33.65,2.25,1,2227823,1057,76490263
2011-03-14,35.1,35.1,35.8,34.7,0.45,1,2731060,1388,96119494
2011-03-15,35.5,34.5,36.2,33.05,-0.6,-1,1777687,1001,61967662
2011-03-16,34.9,35.0,35.4,34.35,0.5,1,893250,470,31029648
2011-03-17,34.3,34.3,34.65,33.7,-0.7,-1,798630,421,27260546
2011-03-18,34.3,34.75,35.0,34.1,0.45,1,632312,338,21939599
2011-03-21,35.9,37.15,37.15,35.25,2.4,1,2462174,1144,89614260
2011-03-22,37.55,37.15,37.55,36.5,0.0,0,2297603,1104,85389950
2011-03-23,36.9,37.9,38.6,36.8,0.75,1,2249164,1133,85290161
2011-03-24,38.2,38.25,38.45,37.1,0.35,1,1305287,707,49465111
2011-03-25,38.7,38.0,39.6,38.0,-0.25,-1,4014926,1866,155818043
2011-03-28,38.0,37.0,38.0,37.0,-1.0,-1,1077627,575,40153499
2011-03-29,37.3,37.3,37.7,36.85,0.3,1,884666,469,33026575
2011-03-30,37.7,37.3,37.7,37.3,0.0,0,569284,308,21307706
2011-03-31,37.3,37.5,37.9,37.2,0.2,1,669389,359,25127637
2011-04-01,37.5,37.85,38.2,37.2,0.35,1,611563,324,23076624
2011-04-06,37.9,37.3,38.0,37.2,-0.55,-1,815744,425,30582601
2011-04-07,37.9,38.7,39.15,37.65,1.4,1,2854536,1413,110603138
2011-04-08,38.4,38.1,38.5,38.05,-0.6,-1,962888,546,36812594
2011-04-11,38.1,37.85,38.3,37.55,-0.25,-1,679000,373,25717500
2011-04-12,37.8,37.5,38.0,37.35,-0.35,-1,562215,314,21088316
2011-04-13,37.9,37.75,37.9,37.5,0.25,1,347671,212,13108194
2011-04-14,37.65,38.5,39.2,37.65,0.75,1,1781280,867,68919819
2011-04-15,38.5,38.5,39.2,38.3,0.0,0,1556535,689,60361792
2011-04-18,38.5,38.5,38.8,38.25,0.0,0,499503,294,19255113
2011-04-19,38.05,38.0,38.4,37.8,-0.5,-1,541524,299,20583830
2011-04-20,38.05,38.3,38.9,38.05,0.3,1,1139215,474,43939862
2011-04-21,38.6,38.25,38.7,38.2,-0.05,-1,636745,334,24478534
2011-04-22,38.25,38.8,39.0,38.25,0.55,1,928355,345,35845704
2011-04-25,39.1,39.45,40.4,39.1,0.65,1,2945926,1376,117493593
2011-04-26,39.4,39.3,39.8,39.05,-0.15,-1,828341,415,32586848
2011-04-27,39.6,38.85,39.7,38.7,-0.45,-1,1443637,593,56531893
2011-04-28,39.0,38.1,39.0,37.9,-0.75,-1,1207889,597,46313067
2011-04-29,38.1,37.85,38.65,37.7,-0.25,-1,810846,378,30889419
2011-05-03,37.85,37.3,38.0,37.2,-0.55,-1,632220,331,23774748
2011-05-04,36.0,36.15,36.2,35.5,-1.15,-1,1456610,698,52323230
2011-05-05,35.8,35.7,36.0,35.5,-0.45,-1,1155350,538,41229192
2011-05-06,35.45,35.3,35.5,35.2,-0.4,-1,582080,304,20564419
2011-05-09,35.0,36.1,36.3,35.0,0.8,1,359805,238,12897049
2011-05-10,36.45,35.95,36.45,35.8,-0.15,-1,259347,135,9341826
2011-05-11,36.0,35.7,36.2,35.7,-0.25,-1,233104,142,8368264
2011-05-12,35.35,35.8,36.0,35.35,0.1,1,175349,101,6274208
2011-05-13,36.0,35.9,36.15,35.9,0.1,1,223313,131,8042923
2011-05-16,35.9,35.7,35.9,35.5,-0.2,-1,164948,107,5892403
2011-05-17,35.8,35.4,35.8,35.35,-0.3,-1,129522,91,4596423
2011-05-18,35.4,36.25,36.3,35.4,0.85,1,197613,130,7089318
2011-05-19,36.25,35.8,36.25,35.7,-0.45,-1,154597,94,5552902
2011-05-20,36.0,35.6,36.1,35.4,-0.2,-1,260366,131,9283406
2011-05-23,35.6,35.2,35.65,35.15,-0.4,-1,222227,123,7853799
2011-05-24,35.2,35.35,35.5,35.05,0.15,1,119687,83,4220419
2011-05-25,35.3,35.4,35.7,35.2,0.05,1,116260,62,4115490
2011-05-26,35.5,35.4,35.7,35.4,0.0,0,197050,107,6993250
2011-05-27,35.4,35.5,35.7,35.2,0.1,1,237209,120,8411327
2011-05-30,36.2,36.4,36.45,35.85,0.9,1,450522,282,16342176
2011-05-31,36.95,36.95,37.15,36.7,0.55,1,756337,359,27953384
2011-06-01,37.2,37.0,37.35,37.0,0.05,1,513113,268,19070607
2011-06-02,36.95,38.0,38.4,36.7,1.0,1,2082673,787,78640374
2011-06-03,37.8,37.85,38.1,37.2,-0.15,-1,1384152,640,52187403
2011-06-07,37.85,40.0,40.1,37.85,2.15,1,4108182,1780,161859480
2011-06-08,40.6,39.9,40.8,39.6,-0.1,-1,3050688,1497,122752196
2011-06-09,40.0,39.3,40.25,38.9,-0.6,-1,1978626,1084,77862799
2011-06-10,39.95,39.45,39.95,39.3,0.15,1,2317328,1233,91984704
2011-06-13,38.9,38.2,39.3,37.85,-1.25,-1,2637095,1412,101195626
2011-06-14,34.9,35.35,35.9,34.75,0.0,0,1579225,945,55960289
2011-06-15,35.5,34.6,35.7,34.5,-0.75,-1,1057342,604,36915059
2011-06-16,34.05,32.55,34.1,32.2,-2.05,-1,1138905,649,37606896
2011-06-17,32.55,32.65,33.0,32.5,0.1,1,564001,338,18414982
2011-06-20,32.65,31.85,33.0,31.8,-0.8,-1,616928,329,19916633
2011-06-21,31.95,32.0,32.3,31.8,0.15,1,447433,250,14315756
2011-06-22,32.8,32.5,32.85,32.2,0.5,1,302100,166,9775449
2011-06-23,32.5,32.0,32.55,31.9,-0.5,-1,317263,179,10183566
2011-06-24,32.0,32.5,33.4,31.95,0.5,1,409200,290,13373830
2011-06-27,32.4,32.05,32.5,32.0,-0.45,-1,431300,248,13857650
2011-06-28,32.5,32.3,32.55,32.15,0.25,1,172200,118,5568970
2011-06-29,32.8,32.8,33.25,32.45,0.5,1,515150,265,16931668
2011-06-30,33.0,34.85,35.0,33.0,2.05,1,1626703,803,56031061
2011-07-01,35.0,35.55,35.55,33.65,0.7,1,2610300,921,90956315
2011-07-04,35.55,35.1,35.6,35.1,-0.45,-1,1398869,587,49501603
2011-07-05,35.1,34.6,35.2,34.4,-0.5,-1,771349,367,26794155
2011-07-06,34.9,34.75,35.0,34.65,0.15,1,586055,250,20404760
2011-07-07,34.6,35.5,35.5,34.15,0.75,1,575150,262,19999377
2011-07-08,35.55,35.0,36.1,35.0,-0.5,-1,3204210,1167,114261923
2011-07-11,34.4,33.1,34.8,33.1,-1.9,-1,778512,362,26362037
2011-07-12,33.0,32.6,33.45,32.5,-0.5,-1,391103,221,12870957
2011-07-13,32.5,32.5,33.4,32.15,-0.1,-1,417300,187,13674310
2011-07-14,32.5,32.05,32.85,32.0,-0.45,-1,385123,207,12486497
2011-07-15,32.1,33.0,33.35,32.1,0.95,1,255210,160,8402993
2011-07-18,33.0,32.1,33.0,32.1,-0.9,-1,410622,213,13266254
2011-07-19,32.0,32.1,32.4,31.95,0.0,0,282082,161,9045831
2011-07-20,32.45,32.65,33.05,32.45,0.55,1,288200,135,9462130
2011-07-21,33.0,33.9,33.9,32.65,1.25,1,379603,236,12639440
2011-07-22,34.75,35.0,35.3,34.1,1.1,1,1356570,663,47339862
2011-07-25,35.05,34.6,35.3,34.2,-0.4,-1,751220,353,26217666
2011-07-26,34.6,34.5,35.2,34.45,-0.1,-1,467383,228,16247563
2011-07-27,34.1,34.2,34.85,34.0,-0.3,-1,299086,171,10285524
2011-07-28,34.0,33.7,34.45,33.6,-0.5,-1,522100,235,17709300
2011-07-29,33.6,32.5,33.6,32.15,-1.2,-1,467173,231,15328523
2011-08-01,32.95,32.7,32.95,32.55,0.2,1,223140,118,7315712
2011-08-02,32.7,32.35,32.7,32.15,-0.35,-1,330156,163,10692704
2011-08-03,30.2,30.3,31.7,30.1,-2.05,-1,1689014,610,51017326
2011-08-04,30.5,29.5,30.5,29.35,-0.8,-1,592100,316,17625600
2011-08-05,27.45,27.45,27.6,27.45,-2.05,-1,796366,263,21863545
2011-08-08,26.0,25.55,26.85,25.55,-1.9,-1,706364,315,18228598
2011-08-09,23.85,25.2,25.55,23.8,-0.35,-1,683104,256,16414802
2011-08-10,26.0,26.1,26.2,25.6,0.9,1,345583,161,8984023
2011-08-11,24.95,25.6,26.1,24.65,-0.5,-1,188000,78,4806350
2011-08-12,26.3,25.9,26.5,25.6,0.3,1,227000,128,5932400
2011-08-15,26.05,26.5,27.2,26.05,0.6,1,271313,162,7219844
2011-08-16,26.75,26.6,26.75,26.5,0.1,1,109105,73,2903843
2011-08-17,26.5,26.3,26.5,26.2,-0.3,-1,99000,53,2614250
2011-08-18,26.05,25.35,26.3,25.35,-0.95,-1,136016,73,3520754
2011-08-19,24.05,24.0,24.6,23.8,-1.35,-1,214700,113,5176128
2011-08-22,23.7,23.85,24.8,23.35,-0.15,-1,156950,108,3786254
2011-08-23,24.85,24.8,24.85,24.05,0.95,1,73410,43,1797567
2011-08-24,25.4,25.0,25.4,24.8,0.2,1,154273,74,3869397
2011-08-25,25.1,24.65,25.3,24.5,-0.35,-1,123435,60,3084257
2011-08-26,24.7,24.35,24.75,24.1,-0.3,-1,127937,77,3129652
2011-08-29,24.4,24.85,24.85,24.35,0.5,1,76389,51,1874551
2011-08-30,25.0,25.25,25.5,25.0,0.4,1,148542,86,3746300
2011-08-31,25.35,25.05,25.35,24.85,-0.2,-1,82634,61,2074739
2011-09-01,25.2,25.75,26.3,25.2,0.7,1,261116,162,6748977
2011-09-02,25.9,25.9,26.2,25.5,0.15,1,126919,69,3274750
2011-09-05,25.3,25.5,25.8,25.3,-0.4,-1,138156,55,3525909
2011-09-06,25.75,25.4,25.75,25.35,-0.1,-1,115156,67,2951061
2011-09-07,25.4,26.35,26.45,25.3,0.95,1,439000,195,11404000
2011-09-08,26.35,26.0,26.55,26.0,-0.35,-1,191038,101,5016114
2011-09-09,26.0,26.2,26.2,25.65,0.2,1,99209,59,2568696
2011-09-13,26.15,25.3,26.15,25.3,-0.9,-1,75253,38,1918925
2011-09-14,25.35,24.5,25.5,24.5,-0.8,-1,161104,87,4036208
2011-09-15,24.7,24.9,25.3,24.7,0.4,1,61000,29,1523750
2011-09-16,25.0,25.8,26.2,25.0,0.9,1,141000,78,3618650
2011-09-19,25.95,25.65,25.95,25.15,-0.15,-1,60275,40,1533701
2011-09-20,25.8,25.65,25.85,25.15,0.0,0,76159,49,1937778
2011-09-21,25.85,27.4,27.4,25.85,1.75,1,564347,267,15246007
2011-09-22,27.4,29.3,29.3,27.4,1.9,1,1768678,927,50525214
2011-09-23,29.0,29.9,30.45,28.5,0.6,1,2778806,1496,82177797
2011-09-26,29.9,27.85,29.9,27.85,-2.05,-1,1104104,565,31394801
2011-09-27,28.5,28.1,29.3,27.15,0.25,1,975650,562,27747616
2011-09-28,29.5,30.05,30.05,29.0,1.95,1,2822322,903,84611725
2011-09-29,30.05,31.1,31.75,29.8,1.05,1,3085320,1726,95627898
2011-09-30,31.7,31.0,31.7,30.65,-0.1,-1,1121405,665,34846373
2011-10-03,30.5,32.3,32.3,30.5,1.3,1,2082266,1025,65519547
2011-10-04,32.25,32.3,32.5,31.8,0.0,0,2587602,1143,83285450
2011-10-05,32.3,30.75,32.3,30.05,-1.55,-1,1963320,1042,60664291
2011-10-06,30.75,30.05,31.15,30.0,-0.7,-1,940675,610,28686335
2011-10-07,30.3,30.2,30.85,30.1,0.15,1,858331,519,26151946
2011-10-11,30.95,30.5,31.3,30.4,0.3,1,1425971,724,43919369
2011-10-12,30.5,30.25,30.75,30.0,-0.25,-1,669156,376,20301776
2011-10-13,30.25,31.05,31.85,30.25,0.8,1,1490000,825,46600550
2011-10-14,30.5,30.8,31.5,30.5,-0.25,-1,506000,317,15733900
2011-10-17,31.6,31.0,31.6,30.6,0.2,1,588100,331,18191015
2011-10-18,30.6,30.1,30.9,29.8,-0.9,-1,581000,319,17595500
2011-10-19,30.4,31.45,31.8,30.4,1.35,1,1412609,800,44192709
2011-10-20,32.4,32.5,33.65,32.1,1.05,1,2572443,1253,84657079
2011-10-21,32.8,34.2,34.2,32.2,1.7,1,3156670,1567,105583162
2011-10-24,35.1,34.45,35.5,33.65,0.25,1,3404509,1677,117675456
2011-10-25,34.45,34.35,35.35,34.0,-0.1,-1,1987100,1143,69145059
2011-10-26,35.0,34.8,36.0,34.8,0.45,1,3893270,2053,138212196
2011-10-27,34.8,34.8,35.65,34.4,0.0,0,1963551,976,68832887
2011-10-28,35.1,33.9,35.3,33.8,-0.9,-1,1318851,731,45482425
2011-10-31,34.15,35.1,35.1,34.1,1.2,1,1608932,859,55944270
2011-11-01,35.1,35.0,35.1,34.55,-0.1,-1,1016354,511,35402590
2011-11-02,34.05,34.6,34.85,33.8,-0.4,-1,925601,485,31750642
2011-11-03,32.8,32.2,33.25,32.2,-2.4,-1,2595200,1353,84588308
2011-11-04,32.2,32.45,32.5,31.3,0.25,1,1554064,866,49839329
2011-11-07,32.45,32.2,32.55,32.0,-0.25,-1,503100,326,16226280
2011-11-08,32.2,32.5,33.2,32.2,0.3,1,825261,514,27050371
2011-11-09,32.85,31.8,32.85,31.75,-0.7,-1,653206,396,21005530
2011-11-10,30.05,30.3,31.15,30.05,-1.5,-1,769586,432,23396692
2011-11-11,30.4,31.5,31.5,30.3,1.2,1,461020,317,14250483
2011-11-14,32.2,31.8,32.2,31.55,0.3,1,394703,225,12579864
2011-11-15,31.8,31.4,31.8,31.15,-0.4,-1,150525,98,4727329
2011-11-16,31.7,30.55,31.8,30.55,-0.85,-1,308440,194,9558907
2011-11-17,30.3,30.7,30.85,30.0,0.15,1,299214,189,9113077
2011-11-18,30.4,30.95,30.95,30.05,0.25,1,306479,217,9353575
2011-11-21,31.0,32.1,33.1,31.0,1.15,1,2218252,1108,71470864
2011-11-22,32.1,32.1,32.6,31.25,0.0,0,1180089,572,37599993
2011-11-23,31.6,30.5,32.3,30.3,-1.6,-1,928050,447,29216581
2011-11-24,30.5,29.5,30.7,29.0,-1.0,-1,709334,406,21173936
2011-11-25,30.0,29.9,31.55,29.4,0.4,1,1955100,847,60009790
2011-11-28,30.25,29.8,31.0,29.25,-0.1,-1,1139000,651,33955200
2011-11-29,29.8,29.5,30.0,29.3,-0.3,-1,775274,422,22927237
2011-11-30,29.25,27.45,29.3,27.45,-2.05,-1,1227525,700,34549381
2011-12-01,28.0,28.1,28.8,27.75,0.65,1,1033419,582,29179352
2011-12-02,28.1,28.2,28.4,27.9,0.1,1,376815,243,10613539
2011-12-05,28.4,28.25,28.7,28.2,0.05,1,340200,240,9666969
2011-12-06,28.25,27.75,28.3,27.5,-0.5,-1,325340,207,9076417
2011-12-07,27.75,27.05,27.95,27.0,-0.7,-1,484365,272,13258708
2011-12-08,27.05,26.6,27.05,26.2,-0.45,-1,335065,183,8866642
2011-12-09,25.8,26.0,26.25,25.8,-0.6,-1,221455,154,5766421
2011-12-12,26.5,26.5,26.75,26.3,0.5,1,158420,106,4205121
2011-12-13,26.7,26.3,26.7,26.15,-0.2,-1,124000,87,3260400
2011-12-14,26.3,26.8,27.1,26.3,0.5,1,225050,152,6043935
2011-12-15,26.8,26.5,26.8,26.3,-0.3,-1,166235,86,4403726
2011-12-16,26.9,26.6,26.9,26.45,0.1,1,144116,95,3836346
2011-12-19,26.5,25.35,26.5,25.35,-1.25,-1,238000,128,6190150
2011-12-20,25.45,25.9,26.0,25.45,0.55,1,144204,82,3706062
2011-12-21,27.4,27.3,27.4,26.5,1.4,1,209339,139,5690839
2011-12-22,26.9,26.7,27.1,26.6,-0.6,-1,242209,123,6485772
2011-12-23,27.1,28.0,28.0,27.0,1.3,1,428833,243,11832146
2011-12-26,28.65,27.85,28.65,27.5,-0.15,-1,322423,146,9049344
2011-12-27,27.8,27.5,27.8,27.3,-0.35,-1,111000,76,3052600
2011-12-28,27.5,27.6,28.0,27.5,0.1,1,123389,76,3404657
2011-12-29,27.7,27.7,28.0,27.3,0.1,1,164300,104,4565650
2011-12-30,27.75,28.6,28.65,27.75,0.9,1,640292,369,18196406
2012-01-02,28.8,28.45,28.95,28.4,-0.15,-1,420300,251,12037158
2012-01-03,28.6,28.3,28.65,28.3,-0.15,-1,253104,149,7193314
2012-01-04,28.05,27.75,28.3,27.5,-0.55,-1,437527,261,12190156
2012-01-05,27.85,27.7,28.15,27.4,-0.05,-1,171001,117,4746077
2012-01-06,27.7,27.45,27.8,27.35,-0.25,-1,256503,142,7072481
2012-01-09,27.5,27.5,27.7,27.45,0.05,1,121000,74,3332850
2012-01-10,27.6,27.55,27.75,27.45,0.05,1,172600,89,4754878
2012-01-11,27.6,27.9,27.9,27.55,0.35,1,155204,92,4297550
2012-01-12,27.8,27.0,27.8,27.0,-0.9,-1,293110,168,7984780
2012-01-13,27.0,26.55,27.2,26.5,-0.45,-1,293099,150,7806238
2012-01-16,26.7,27.2,27.3,26.6,0.65,1,222522,132,5981394
2012-01-17,27.5,27.9,28.15,27.2,0.7,1,409413,210,11378560
2012-01-18,29.3,29.85,29.85,29.0,1.95,1,2041848,973,60579860
2012-01-30,31.4,30.5,31.6,30.05,0.65,1,1416459,718,43536149
2012-01-31,30.5,30.65,31.45,30.5,0.15,1,886734,459,27465095
2012-02-01,30.9,31.3,32.4,30.5,0.65,1,927976,524,29252000
2012-02-02,32.0,31.8,32.5,31.4,0.5,1,1229501,547,39335129
2012-02-03,32.5,32.6,32.8,32.0,0.8,1,1309860,635,42491005
2012-02-04,32.9,32.5,33.5,32.4,-0.1,-1,1165461,587,38313991
2012-02-06,32.6,32.35,33.3,32.2,-0.15,-1,753521,381,24612926
2012-02-07,32.5,32.6,33.35,32.35,0.25,1,1113903,536,36563396
2012-02-08,33.35,33.0,33.35,32.85,0.4,1,1049925,485,34681534
2012-02-09,32.8,33.0,33.15,32.65,0.0,0,840522,420,27631270
2012-02-10,33.2,33.5,34.6,33.0,0.5,1,1851709,849,62291393
2012-02-13,33.5,33.25,33.6,33.05,-0.25,-1,669726,341,22316636
2012-02-14,33.25,32.9,33.5,32.7,-0.35,-1,629658,334,20767899
2012-02-15,33.1,33.25,33.75,32.9,0.35,1,668429,329,22273296
2012-02-16,33.05,34.3,35.55,33.0,1.05,1,2959691,1435,102652193
2012-02-17,35.2,34.0,35.35,33.8,-0.3,-1,1569530,652,54321070
2012-02-20,34.0,34.15,34.4,33.65,0.15,1,609664,277,20776971
2012-02-21,34.3,33.7,34.5,33.7,-0.45,-1,639687,313,21772408
2012-02-22,33.9,33.8,34.2,33.7,0.1,1,778417,294,26370600
2012-02-23,33.7,33.6,34.1,33.55,-0.2,-1,334560,186,11300403
2012-02-24,33.75,33.75,34.15,33.6,0.15,1,492499,223,16685540
2012-02-29,34.1,33.8,34.15,33.75,0.05,1,399460,192,13551773
2012-03-01,34.4,35.2,35.8,34.4,1.4,1,2416246,1173,85098156
2012-03-02,35.5,35.3,35.6,34.8,0.1,1,1220780,583,42899228
2012-03-03,34.8,34.1,34.8,33.85,-1.2,-1,1505180,666,51420686
2012-03-05,34.0,33.5,34.0,33.5,-0.6,-1,706804,361,23791381
2012-03-06,33.5,32.2,33.5,32.0,-1.3,-1,851995,426,27633190
2012-03-07,32.2,32.45,32.95,31.85,0.25,1,566023,336,18472143
2012-03-08,32.6,32.85,33.05,32.55,0.4,1,366612,207,12035153
2012-03-09,33.1,33.15,33.35,33.0,0.3,1,314969,198,10453869
2012-03-12,33.15,32.65,33.3,32.65,-0.5,-1,274302,168,9024948
2012-03-13,32.7,32.5,32.9,32.4,-0.15,-1,280627,157,9129426
2012-03-14,32.8,32.9,32.9,32.4,0.4,1,692501,323,22584206
2012-03-15,33.15,32.85,33.15,32.7,-0.05,-1,298104,179,9822370
2012-03-16,32.9,33.0,33.15,32.9,0.15,1,301755,160,9974412
2012-03-19,33.1,33.5,33.55,33.0,0.5,1,504537,243,16802338
2012-03-20,33.55,32.9,33.55,32.85,-0.6,-1,278786,158,9222899
2012-03-21,32.8,32.55,33.05,32.5,-0.35,-1,157104,93,5135645
2012-03-22,32.3,33.0,33.25,32.3,0.45,1,356203,187,11641858
2012-03-23,33.0,33.15,33.15,32.8,0.15,1,147354,106,4859423
2012-03-26,33.35,33.35,33.6,33.2,0.2,1,432301,210,14424022
2012-03-27,33.5,33.0,33.7,33.0,-0.35,-1,310095,167,10329185
2012-03-28,33.05,33.85,33.9,32.85,0.85,1,638000,310,21317747
2012-03-29,33.85,33.0,33.85,32.35,-0.85,-1,746029,365,24750807
2012-03-30,33.0,33.5,33.6,32.35,0.5,1,536836,282,17837588
2012-04-02,33.85,33.7,34.2,33.4,0.2,1,1074700,496,36329634
2012-04-03,34.0,32.05,34.0,31.8,-1.65,-1,734421,362,24085917
2012-04-05,31.35,31.6,31.8,30.1,-0.45,-1,471905,269,14647268
2012-04-06,31.6,33.7,33.7,31.6,2.1,1,463701,254,15227192
2012-04-09,33.3,32.9,33.3,32.5,-0.8,-1,347450,216,11421037
2012-04-10,32.9,32.7,33.2,32.7,-0.2,-1,407011,193,13433522
2012-04-11,32.1,32.55,32.7,32.1,-0.15,-1,221300,119,7186469
2012-04-12,32.55,32.6,32.9,32.55,0.05,1,161045,106,5261767
2012-04-13,32.9,32.7,33.05,32.65,0.1,1,368539,179,12086790
2012-04-16,32.7,32.6,32.9,32.5,-0.1,-1,161339,83,5272100
2012-04-17,32.75,31.75,32.75,31.75,-0.85,-1,249452,139,8031051
2012-04-18,32.35,30.9,32.35,30.7,-0.85,-1,457929,286,14286903
2012-04-19,30.8,30.75,31.15,30.55,-0.15,-1,253213,117,7804929
2012-04-20,30.75,30.4,30.9,30.4,-0.35,-1,208687,123,6388637
2012-04-23,30.35,29.7,30.4,29.5,-0.7,-1,376250,190,11248773
2012-04-24,29.25,29.95,29.95,29.25,0.25,1,128209,75,3806130
2012-04-25,30.3,30.4,30.45,30.1,0.45,1,62000,44,1880650
2012-04-26,30.4,30.4,30.75,30.3,0.0,0,94104,66,2864977
2012-04-27,30.5,30.0,30.5,29.85,-0.4,-1,105400,63,3176220
2012-04-30,30.0,30.1,30.15,29.9,0.1,1,68104,50,2045572
2012-05-02,30.1,30.85,30.85,30.1,0.75,1,167938,115,5120895
2012-05-03,30.85,30.8,30.85,30.45,-0.05,-1,103707,76,3169874
2012-05-04,30.8,30.7,30.95,30.65,-0.1,-1,207699,119,6396808
2012-05-07,30.4,30.55,30.55,30.0,-0.15,-1,89175,69,2695905
2012-05-08,30.55,30.6,30.8,30.4,0.05,1,116300,71,3561720
2012-05-09,30.6,30.5,30.8,30.5,-0.1,-1,107965,77,3300978
2012-05-10,30.4,30.4,30.7,30.35,-0.1,-1,73285,51,2232414
2012-05-11,30.4,30.0,30.4,29.95,-0.4,-1,180200,96,5423840
2012-05-14,30.0,30.0,30.25,29.95,0.0,0,81600,47,2450779
2012-05-15,29.75,30.0,30.0,29.7,0.0,0,194522,79,5799064
2012-05-16,30.0,29.9,30.0,29.9,-0.1,-1,93582,63,2801610
2012-05-17,30.0,30.0,30.1,29.9,0.1,1,60170,42,1804550
2012-05-18,29.7,29.35,29.85,29.35,-0.65,-1,156120,98,4627052
2012-05-21,29.7,29.6,30.35,29.5,0.25,1,54000,41,1609450
2012-05-22,29.95,30.05,30.05,29.7,0.45,1,43173,33,1291072
2012-05-23,30.1,29.55,30.1,29.55,-0.5,-1,65298,42,1937179
2012-05-24,29.8,29.55,29.9,29.55,0.0,0,92100,55,2728755
2012-05-25,29.55,29.45,29.6,29.35,-0.1,-1,108163,62,3190639
2012-05-28,29.65,29.75,29.9,29.6,0.3,1,91645,75,2726937
2012-05-29,29.8,30.85,31.0,29.8,1.1,1,382100,242,11753535
2012-05-30,30.9,31.0,31.05,30.75,0.15,1,242200,137,7484880
2012-05-31,31.0,31.4,31.4,30.6,0.4,1,261113,167,8133813
2012-06-01,31.35,30.9,31.35,30.85,-0.5,-1,173000,104,5373150
2012-06-04,30.05,29.95,30.2,28.9,-0.95,-1,726252,436,21386296
2012-06-05,30.0,30.3,30.5,30.0,0.35,1,280000,153,8496550
2012-06-06,30.3,30.45,30.55,30.3,0.15,1,284100,167,8650175
2012-06-07,30.65,30.6,30.7,30.5,0.15,1,373321,204,11419716
2012-06-08,30.6,30.8,30.95,30.5,0.2,1,889398,450,27352395
2012-06-11,28.3,28.15,28.5,28.1,0.0,0,560384,282,15818452
2012-06-12,28.0,27.65,28.0,27.6,-0.5,-1,321000,153,8908350
2012-06-13,27.65,27.75,27.9,27.65,0.1,1,233888,128,6493057
2012-06-14,27.8,27.75,27.85,27.75,0.0,0,83141,44,2309362
2012-06-15,27.75,27.85,28.1,27.75,0.1,1,207535,73,5791130
2012-06-18,28.0,28.1,28.3,28.0,0.25,1,117904,69,3324501
2012-06-19,28.3,27.7,28.3,27.7,-0.4,-1,72200,61,2011737
2012-06-20,27.7,27.8,28.0,27.7,0.1,1,70349,54,1959852
2012-06-21,27.8,27.8,27.9,27.8,0.0,0,94245,40,2623211
2012-06-22,27.8,27.8,27.9,27.6,0.0,0,45017,37,1249920
2012-06-25,27.8,27.6,27.8,27.55,-0.2,-1,57513,43,1587758
2012-06-26,27.3,27.35,27.5,27.2,-0.25,-1,109384,64,2988093
2012-06-27,27.35,27.55,27.7,27.3,0.2,1,87217,54,2392721
2012-06-28,27.8,27.65,27.85,27.65,0.1,1,150400,57,4177808
2012-06-29,28.0,27.6,28.05,27.6,-0.05,-1,112100,70,3100708
2012-07-02,27.7,27.6,27.8,27.55,0.0,0,140000,76,3869650
2012-07-03,27.8,27.65,27.8,27.55,0.05,1,179000,75,4946350
2012-07-04,28.0,28.35,28.35,27.85,0.7,1,316350,206,8894660
2012-07-05,28.45,28.1,28.45,28.0,-0.25,-1,172723,114,4886195
2012-07-06,28.2,28.3,28.35,28.05,0.2,1,148582,63,4185428
2012-07-09,28.25,28.25,28.25,28.1,-0.05,-1,132199,55,3720441
2012-07-10,28.3,28.25,28.4,28.1,0.0,0,144759,66,4086754
2012-07-11,28.1,28.0,28.1,27.8,-0.25,-1,65001,39,1818628
2012-07-12,28.0,27.7,28.05,27.65,-0.3,-1,89709,46,2493747
2012-07-13,27.7,27.25,27.7,27.2,-0.45,-1,128200,60,3523649
2012-07-16,27.95,27.9,28.15,27.5,0.65,1,174100,95,4861615
2012-07-17,27.9,28.0,28.1,27.6,0.1,1,64350,44,1800147
2012-07-18,27.85,28.05,28.25,27.85,0.05,1,51100,40,1437640
2012-07-19,28.2,28.75,28.95,28.15,0.7,1,275113,179,7875681
2012-07-20,29.0,28.35,29.0,28.35,-0.4,-1,86300,48,2461904
2012-07-23,28.1,28.15,28.2,28.05,-0.2,-1,43500,32,1224200
2012-07-24,28.05,28.15,28.15,28.05,0.0,0,56000,35,1574050
2012-07-25,28.0,28.05,28.25,28.0,-0.1,-1,19148,11,538744
2012-07-26,28.1,28.1,28.2,28.0,0.05,1,68000,27,1908300
2012-07-27,28.1,27.7,28.3,27.7,-0.4,-1,117100,64,3281180
2012-07-30,27.9,27.8,28.0,27.8,0.1,1,33010,27,920776
2012-07-31,28.0,27.8,28.0,27.7,0.0,0,19009,20,529648
2012-08-01,28.0,28.2,28.2,27.8,0.4,1,60045,40,1684860
2012-08-03,28.2,28.4,28.4,27.9,0.2,1,54067,33,1520739
2012-08-06,28.8,28.4,28.9,28.25,0.0,0,181564,113,5188279
2012-08-07,28.6,28.25,28.6,28.25,-0.15,-1,54100,42,1533680
2012-08-08,28.25,28.0,28.35,28.0,-0.25,-1,118364,77,3330633
2012-08-09,28.3,28.8,28.8,28.2,0.8,1,188300,116,5384170
2012-08-10,28.8,28.6,28.8,28.4,-0.2,-1,125788,95,3603528
2012-08-13,28.8,29.1,29.25,28.8,0.5,1,325050,188,9427247
2012-08-14,29.2,29.1,29.45,29.1,0.0,0,169050,87,4946195
2012-08-15,29.4,28.55,29.4,28.4,-0.55,-1,309200,165,8845710
2012-08-16,28.55,28.65,28.8,28.55,0.1,1,152188,86,4354607
2012-08-17,28.7,28.4,28.75,28.4,-0.25,-1,166000,93,4735200
2012-08-20,28.5,28.05,28.55,28.0,-0.35,-1,147035,72,4150640
2012-08-21,28.3,28.15,28.3,28.1,0.1,1,77000,52,2171850
2012-08-22,28.15,28.1,28.3,28.05,-0.05,-1,119315,51,3360231
2012-08-23,28.0,28.45,28.5,28.0,0.35,1,90173,61,2553095
2012-08-24,28.15,28.5,28.7,28.15,0.05,1,113141,72,3224539
2012-08-27,28.7,28.65,28.75,28.55,0.15,1,91308,59,2616627
2012-08-28,28.75,28.45,28.75,28.35,-0.2,-1,45200,32,1288289
2012-08-29,28.7,28.55,28.7,28.45,0.1,1,134000,65,3824700
2012-08-30,28.8,28.7,28.8,28.5,0.15,1,128334,65,3679067
2012-08-31,28.7,28.75,28.75,28.5,0.05,1,135000,59,3871000
2012-09-03,28.6,28.1,28.6,28.1,-0.65,-1,104200,55,2962790
2012-09-04,28.1,28.1,28.2,28.0,0.0,0,119797,59,3369335
2012-09-05,28.0,27.6,28.0,27.4,-0.5,-1,128150,93,3543427
2012-09-06,27.65,27.6,27.8,27.5,0.0,0,78618,54,2173912
2012-09-07,27.7,27.75,27.95,27.7,0.15,1,139209,52,3867418
2012-09-10,27.75,27.1,27.75,27.05,-0.65,-1,226200,138,6189668
2012-09-11,27.2,27.2,27.35,27.0,0.1,1,83441,53,2265455
2012-09-12,27.4,27.6,27.6,27.1,0.4,1,168671,77,4609419
2012-09-13,27.85,27.3,27.85,27.3,-0.3,-1,95209,49,2614597
2012-09-14,27.35,27.25,27.8,27.25,-0.05,-1,122249,75,3343922
2012-09-17,27.4,27.15,27.4,27.1,-0.1,-1,119200,67,3246428
2012-09-18,27.15,27.2,27.3,27.15,0.05,1,73641,33,2003595
2012-09-19,27.0,27.0,27.1,26.8,-0.2,-1,162104,90,4359942
2012-09-20,27.0,27.1,27.1,26.95,0.1,1,55196,32,1492980
2012-09-21,26.8,26.95,27.1,26.65,-0.15,-1,124150,70,3329530
2012-09-24,26.85,26.85,26.85,26.6,-0.1,-1,100344,49,2679270
2012-09-25,26.85,26.7,26.95,26.65,-0.15,-1,52079,32,1392779
2012-09-26,26.6,26.55,26.6,26.5,-0.15,-1,70000,44,1857300
2012-09-27,26.55,26.5,27.2,26.5,-0.05,-1,94603,56,2520079
2012-09-28,26.7,26.5,26.7,26.5,0.0,0,44200,26,1173089
2012-10-01,26.5,26.1,26.5,26.0,-0.4,-1,75670,48,1988902
2012-10-02,26.1,26.15,26.3,26.1,0.05,1,69418,39,1813893
2012-10-03,26.05,26.15,26.15,26.0,0.0,0,47208,35,1229038
2012-10-04,26.0,25.7,26.15,25.7,-0.45,-1,90763,61,2338981
2012-10-05,26.0,25.55,26.0,25.55,-0.15,-1,78209,56,2008058
2012-10-08,25.6,25.5,25.9,25.5,-0.05,-1,88200,40,2257660
2012-10-09,25.7,24.9,25.7,24.9,-0.6,-1,133666,88,3362898
2012-10-11,24.6,24.1,24.7,24.1,-0.8,-1,164874,99,4019136
2012-10-12,23.7,23.9,24.35,23.7,-0.2,-1,55209,48,1319373
2012-10-15,24.1,23.95,24.1,23.75,0.05,1,49408,39,1177965
2012-10-16,23.95,24.1,24.1,23.95,0.15,1,49600,36,1190100
2012-10-17,24.35,24.5,24.95,24.2,0.4,1,97677,68,2386468
2012-10-18,24.5,24.55,24.95,24.5,0.05,1,48712,40,1198222
2012-10-19,24.95,24.5,24.95,24.5,-0.05,-1,101313,50,2492118
2012-10-22,24.3,24.05,24.3,24.0,-0.45,-1,33313,33,801712
2012-10-23,24.0,23.9,24.0,23.75,-0.15,-1,81044,61,1935409
2012-10-24,23.55,23.4,23.7,23.4,-0.5,-1,89400,75,2102140
2012-10-25,23.5,23.4,23.5,23.0,0.0,0,169896,95,3938695
2012-10-26,23.7,23.4,23.75,22.7,0.0,0,193731,96,4513159
2012-10-29,23.75,25.0,25.0,23.75,1.6,1,594498,339,14611698
2012-10-30,25.5,25.65,25.75,24.9,0.65,1,544439,293,13878032
2012-10-31,25.3,25.25,25.4,25.05,-0.4,-1,241500,113,6092899
2012-11-01,25.0,25.25,25.5,24.8,0.0,0,91369,65,2289711
2012-11-02,25.75,25.25,25.75,25.25,0.0,0,146376,74,3708987
2012-11-05,25.0,24.9,25.1,24.85,-0.35,-1,109104,65,2721979
2012-11-06,24.8,24.65,24.85,24.55,-0.25,-1,88170,47,2173346
2012-11-07,24.65,24.9,24.95,24.65,0.25,1,74000,38,1836700
2012-11-08,24.55,24.8,24.8,24.55,-0.1,-1,41940,23,1034122
2012-11-09,24.7,25.05,25.4,24.7,0.25,1,90104,54,2253515
2012-11-12,25.05,24.8,25.05,24.6,-0.25,-1,47001,24,1165274
2012-11-13,24.8,24.4,24.8,24.2,-0.4,-1,46500,26,1137300
2012-11-14,24.4,24.45,24.5,24.4,0.05,1,4000,4,97800
2012-11-15,24.4,24.1,24.45,24.1,-0.35,-1,29703,25,723981
2012-11-16,24.1,24.2,24.3,24.1,0.1,1,26248,19,635876
2012-11-19,24.2,24.0,24.2,24.0,-0.2,-1,39041,20,940242
2012-11-20,23.55,23.35,24.0,23.2,-0.65,-1,72817,51,1719804
2012-11-21,23.4,23.1,23.5,23.05,-0.25,-1,36000,30,838850
2012-11-22,22.75,22.7,23.1,22.6,-0.4,-1,94250,64,2145425
2012-11-23,22.55,23.15,23.3,22.55,0.45,1,68300,50,1576605
2012-11-26,23.15,23.25,23.4,22.95,0.1,1,74090,50,1714178
2012-11-27,23.25,23.2,23.25,23.0,-0.05,-1,43626,33,1009510
2012-11-28,23.3,23.8,23.8,23.2,0.6,1,69792,45,1637191
2012-11-29,23.9,24.05,24.25,23.85,0.25,1,76000,56,1829900
2012-11-30,24.25,24.1,24.45,24.05,0.05,1,76000,44,1838450
2012-12-03,24.0,23.95,24.2,23.9,-0.15,-1,52522,31,1262423
2012-12-04,23.9,23.85,23.9,23.8,-0.1,-1,92209,49,2196553
2012-12-05,23.55,23.5,23.7,23.4,-0.35,-1,181646,112,4275480
2012-12-06,23.5,23.6,23.8,23.5,0.1,1,93522,59,2208367
2012-12-07,23.7,23.85,24.3,23.7,0.25,1,129100,79,3104230
2012-12-10,23.85,23.65,23.85,23.6,-0.2,-1,33784,26,799988
2012-12-11,23.5,23.5,23.5,23.45,-0.15,-1,12009,9,281911
2012-12-12,23.7,23.8,24.25,23.7,0.3,1,84200,58,2014750
2012-12-13,23.95,24.0,24.3,23.85,0.2,1,100712,60,2422145
2012-12-14,24.2,24.1,24.35,24.0,0.1,1,70402,45,1705648
2012-12-17,23.9,23.65,23.9,23.65,-0.45,-1,31934,24,760453
2012-12-18,23.7,23.75,24.0,23.7,0.1,1,27525,24,653788
2012-12-19,23.85,24.05,24.05,23.75,0.3,1,89550,49,2141416
2012-12-20,24.05,23.95,24.05,23.8,-0.1,-1,55001,30,1319574
2012-12-21,24.0,23.9,24.0,23.8,-0.05,-1,57300,31,1372465
2012-12-22,24.3,24.0,24.35,24.0,0.1,1,60000,35,1452200
2012-12-24,23.95,24.0,24.2,23.95,0.0,0,61449,28,1476265
2012-12-25,24.0,24.1,24.1,23.9,0.1,1,97045,47,2328693
2012-12-26,24.1,24.1,24.35,24.0,0.0,0,76585,49,1851040
2012-12-27,24.1,23.85,24.1,23.8,-0.25,-1,87417,62,2094753
2012-12-28,23.9,23.95,24.0,23.85,0.1,1,68545,40,1638374
2013-01-02,23.95,24.0,24.0,23.75,0.05,1,120049,67,2864530
2013-01-03,24.0,24.1,24.3,24.0,0.1,1,158350,78,3813900
2013-01-04,24.3,24.7,24.7,24.2,0.6,1,420707,181,10251861
2013-01-07,24.6,24.45,24.6,24.35,-0.25,-1,302200,148,7408530
2013-01-08,24.45,24.35,24.45,24.35,-0.1,-1,99036,56,2418723
2013-01-09,24.5,24.55,24.65,24.4,0.2,1,130023,64,3187560
2013-01-10,24.65,24.45,24.65,24.45,-0.1,-1,140083,73,3436095
2013-01-11,24.45,24.4,24.65,24.4,-0.05,-1,100000,52,2448400
2013-01-14,24.4,24.3,24.4,24.25,-0.1,-1,87522,39,2129282
2013-01-15,24.4,24.45,24.6,24.35,0.15,1,120000,53,2928500
2013-01-16,26.15,26.15,26.15,26.1,1.7,1,1137970,345,29756111
2013-01-17,26.45,26.75,27.75,26.4,0.6,1,2624556,1369,70618399
2013-01-18,27.6,26.65,27.6,26.4,-0.1,-1,911653,473,24415099
2013-01-21,26.7,26.8,27.35,26.4,0.15,1,589508,333,15901687
2013-01-22,26.85,26.4,27.0,26.4,-0.4,-1,374622,230,9983096
2013-01-23,26.45,26.1,26.55,26.05,-0.3,-1,275050,167,7218545
2013-01-24,26.6,26.75,27.8,26.55,0.65,1,2068000,944,56431950
2013-01-25,26.65,27.1,27.35,26.65,0.35,1,534000,315,14417850
2013-01-28,27.25,26.95,27.25,26.7,-0.15,-1,202000,136,5431450
2013-01-29,27.0,26.8,27.1,26.8,-0.15,-1,421001,186,11336777
2013-01-30,27.0,27.25,27.7,26.8,0.45,1,734982,384,20108360
2013-01-31,27.25,26.85,27.25,26.85,-0.4,-1,225990,104,6085782
2013-02-01,26.85,26.85,27.0,26.8,0.0,0,232026,88,6245198
2013-02-04,26.9,27.15,27.7,26.9,0.3,1,452673,230,12390671
2013-02-05,27.0,26.9,27.15,26.8,-0.25,-1,112210,77,3021756
2013-02-06,27.3,27.0,27.35,26.85,0.1,1,278209,107,7514022
2013-02-18,27.35,26.85,27.35,26.85,-0.15,-1,161208,106,4350684
2013-02-19,26.85,26.95,27.05,26.85,0.1,1,137921,77,3708438
2013-02-20,27.0,26.95,27.1,26.75,0.0,0,145583,84,3911109
2013-02-21,26.8,26.55,26.8,26.5,-0.4,-1,240453,119,6393326
2013-02-22,26.5,26.3,26.5,25.95,-0.25,-1,328760,150,8604378
2013-02-23,26.3,25.75,26.35,25.7,-0.55,-1,382240,208,9895290
2013-02-25,25.95,26.0,26.05,25.8,0.25,1,156000,89,4048950
2013-02-26,25.95,25.7,26.05,25.7,-0.3,-1,137031,100,3547998
2013-02-27,26.0,25.65,26.0,25.6,-0.05,-1,133150,74,3419685
2013-03-01,25.75,25.75,25.85,25.7,0.1,1,167587,95,4316777
2013-03-04,25.9,25.4,25.9,25.3,-0.35,-1,244200,113,6213380
2013-03-05,25.2,25.25,25.45,25.2,-0.15,-1,109226,67,2760378
2013-03-06,25.3,25.45,25.45,25.25,0.2,1,99349,66,2516828
2013-03-07,25.45,25.6,25.6,25.45,0.15,1,79209,52,2021271
2013-03-08,25.95,25.8,26.05,25.75,0.2,1,169870,87,4394720
2013-03-11,25.8,25.7,25.95,25.65,-0.1,-1,142104,80,3664032
2013-03-12,25.8,25.7,25.8,25.65,0.0,0,129100,72,3322194
2013-03-13,25.95,25.75,25.95,25.7,0.05,1,255818,90,6584495
2013-03-14,25.75,25.95,26.0,25.75,0.2,1,194287,75,5015612
2013-03-15,26.0,25.9,26.2,25.75,-0.05,-1,186100,98,4827275
2013-03-18,25.9,25.6,25.9,25.4,-0.3,-1,170000,99,4381850
2013-03-19,25.6,25.8,25.95,25.5,0.2,1,102100,53,2637840
2013-03-20,25.8,25.9,25.95,25.8,0.1,1,88300,54,2285770
2013-03-21,25.95,26.3,26.4,25.9,0.4,1,166045,106,4334824
2013-03-22,26.2,26.1,26.4,26.1,-0.2,-1,103001,68,2700626
2013-03-25,26.1,25.9,26.15,25.9,-0.2,-1,79000,42,2053150
2013-03-26,25.8,25.9,26.0,25.75,0.0,0,62477,39,1615254
2013-03-27,26.0,25.9,26.1,25.9,0.0,0,112313,56,2917043
2013-03-28,26.2,25.8,26.2,25.8,-0.1,-1,89209,56,2311660
2013-03-29,25.8,26.4,26.4,25.8,0.6,1,177547,98,4653279
2013-04-01,26.5,26.0,26.5,26.0,-0.4,-1,149304,86,3926558
2013-04-02,26.2,25.85,26.2,25.8,-0.15,-1,181220,90,4690753
2013-04-03,25.9,25.55,25.9,25.45,-0.3,-1,235732,144,6043741
2013-04-08,25.25,24.65,25.3,24.45,-0.9,-1,359250,183,8901662
2013-04-09,24.6,24.6,24.9,24.35,-0.05,-1,170200,92,4188659
2013-04-10,24.6,24.85,24.85,24.6,0.25,1,65592,49,1621042
2013-04-11,24.95,25.0,25.1,24.9,0.15,1,67985,48,1700825
2013-04-12,25.3,24.9,25.3,24.9,-0.1,-1,72250,33,1804736
2013-04-15,24.9,24.95,25.3,24.9,0.05,1,171300,81,4291578
2013-04-16,25.0,25.2,25.4,24.8,0.25,1,106300,52,2666739
2013-04-17,25.1,25.5,25.6,25.05,0.3,1,138500,66,3520975
2013-04-18,25.3,25.4,25.75,25.3,-0.1,-1,219121,63,5576885
2013-04-19,25.7,25.8,25.9,25.5,0.4,1,234500,124,6049598
2013-04-22,25.8,26.0,26.05,25.8,0.2,1,130350,82,3375235
2013-04-23,25.95,25.85,26.1,25.8,-0.15,-1,94277,51,2442008
2013-04-24,25.85,26.0,26.05,25.8,0.15,1,135500,67,3508025
2013-04-25,25.9,25.85,26.0,25.8,-0.15,-1,73209,38,1896702
2013-04-26,25.7,25.75,26.0,25.7,-0.1,-1,98713,54,2549081
2013-04-29,26.0,26.7,27.15,26.0,0.95,1,614750,341,16430662
2013-04-30,27.0,26.45,27.0,26.35,-0.25,-1,226171,113,6025248
2013-05-02,26.45,26.5,26.5,26.3,0.05,1,88135,43,2330627
2013-05-03,26.6,26.55,26.85,26.55,0.05,1,157504,86,4192529
2013-05-06,27.45,26.9,27.5,26.8,0.35,1,511513,278,13876271
2013-05-07,26.9,26.9,27.0,26.75,0.0,0,148682,73,3991726
2013-05-08,26.9,27.1,27.2,26.9,0.2,1,420410,153,11362120
2013-05-09,27.3,27.0,27.45,26.9,-0.1,-1,182209,99,4936550
2013-05-10,27.3,27.0,27.3,26.9,0.0,0,193791,91,5245757
2013-05-13,27.3,26.85,27.3,26.85,-0.15,-1,101651,72,2741030
2013-05-14,26.85,26.85,27.0,26.8,0.0,0,121309,63,3261650
2013-05-15,27.0,26.9,27.0,26.8,0.05,1,240684,107,6465361
2013-05-16,26.85,26.85,27.0,26.7,-0.05,-1,202773,99,5438988
2013-05-17,26.9,26.7,27.0,26.7,-0.15,-1,142629,95,3826799
2013-05-20,26.75,26.75,26.8,26.65,0.05,1,114000,68,3044500
2013-05-21,26.75,26.9,27.3,26.75,0.15,1,234209,125,6343790
2013-05-22,27.0,27.1,27.2,27.0,0.2,1,226300,84,6121565
2013-05-23,27.1,27.0,27.25,26.9,-0.1,-1,346531,147,9389153
2013-05-24,26.85,26.9,27.0,26.8,-0.1,-1,177000,80,4764250
2013-05-27,27.0,27.9,28.05,27.0,1.0,1,560241,308,15534535
2013-05-28,27.95,27.8,28.1,27.55,-0.1,-1,259418,143,7217255
2013-05-29,27.8,28.2,28.35,27.8,0.4,1,448471,258,12618688
2013-05-30,28.3,28.6,29.2,28.1,0.4,1,994505,477,28640165
2013-05-31,29.05,29.0,29.2,28.65,0.4,1,505126,249,14578281
2013-06-03,28.8,29.05,29.1,28.8,0.05,1,376904,204,10937022
2013-06-04,29.1,29.1,29.5,29.0,0.05,1,625500,252,18296673
2013-06-05,29.4,29.6,29.8,29.1,0.5,1,611622,312,18032116
2013-06-06,30.0,30.7,31.2,29.9,1.1,1,1837853,868,56437080
2013-06-07,30.7,30.3,30.8,29.85,-0.4,-1,1519812,706,46096903
2013-06-10,28.65,28.8,28.85,28.2,0.0,0,781160,441,22326358
2013-06-11,28.75,29.4,30.1,28.4,0.6,1,1422669,702,41617168
2013-06-13,29.4,29.4,29.8,29.05,0.0,0,845753,505,24948774
2013-06-14,29.8,28.9,29.8,28.9,-0.5,-1,557522,303,16358657
2013-06-17,28.9,29.0,29.1,28.7,0.1,1,326662,165,9445878
2013-06-18,29.5,30.45,31.0,29.3,1.45,1,2894092,1398,88646445
2013-06-19,30.7,30.45,30.75,29.9,0.0,0,1340350,643,40576790
2013-06-20,29.95,29.45,30.0,29.4,-1.0,-1,661200,336,19663490
2013-06-21,28.9,29.1,29.1,28.5,-0.35,-1,646100,304,18627195
2013-06-24,29.0,29.55,30.0,29.0,0.45,1,543200,286,16108810
2013-06-25,29.4,28.5,29.55,28.35,-1.05,-1,615737,314,17774778
2013-06-26,29.0,28.3,29.2,28.1,-0.2,-1,492915,208,14100714
2013-06-27,28.55,29.2,29.6,28.4,0.9,1,1068620,439,31138408
2013-06-28,29.85,29.8,30.8,29.8,0.6,1,1909825,859,57673518
2013-07-01,30.5,29.8,30.5,29.7,0.0,0,491900,280,14818269
2013-07-02,29.85,29.55,29.85,29.4,-0.25,-1,362437,192,10726691
2013-07-03,30.0,29.7,30.15,29.55,0.15,1,1422333,540,42393623
2013-07-04,29.7,29.6,29.8,28.85,-0.1,-1,942130,448,27616078
2013-07-05,30.1,29.65,30.25,29.6,0.05,1,873213,410,26137305
2013-07-08,29.7,30.05,30.4,29.7,0.4,1,956480,398,28740847
2013-07-09,30.5,30.9,31.5,30.35,0.85,1,2233379,1053,69159081
2013-07-10,31.05,30.6,31.25,30.6,-0.3,-1,1015876,480,31388266
2013-07-11,30.95,30.5,31.0,30.35,-0.1,-1,508714,298,15605082
2013-07-12,30.5,30.5,30.8,30.35,0.0,0,364000,213,11136200
2013-07-15,30.8,31.15,31.85,30.7,0.65,1,1524530,715,47810780
2013-07-16,31.35,32.2,32.2,31.2,1.05,1,1193531,534,37728493
2013-07-17,32.45,33.0,33.15,31.8,0.8,1,2354820,1053,76772284
2013-07-18,33.3,32.65,33.3,32.35,-0.35,-1,965099,470,31563717
2013-07-19,32.35,32.6,32.8,31.8,-0.05,-1,846765,387,27385933
2013-07-22,33.1,33.4,34.2,32.9,0.8,1,1275130,612,42907839
2013-07-23,33.9,33.15,33.9,33.1,-0.25,-1,588700,324,19653900
2013-07-24,33.45,32.6,33.5,32.25,-0.55,-1,985198,453,32226573
2013-07-25,32.9,33.35,33.4,32.6,0.75,1,424718,236,14038486
2013-07-26,33.7,33.0,33.9,33.0,-0.35,-1,711283,343,23831029
2013-07-29,33.0,32.0,33.0,31.9,-1.0,-1,776112,419,24953360
2013-07-30,32.65,34.2,34.2,32.5,2.2,1,1870952,905,62914805
2013-07-31,35.8,36.55,36.55,35.7,2.35,1,5887402,2095,212742631
2013-08-01,38.8,39.1,39.1,38.15,2.55,1,6327993,2131,245140117
2013-08-02,40.0,41.6,41.7,40.0,2.5,1,8342316,4035,341479273
2013-08-05,42.5,43.45,44.2,41.05,1.85,1,6863407,3647,296364565
2013-08-06,43.0,40.45,43.0,40.45,-3.0,-1,3982807,2225,163470889
2013-08-07,39.6,40.45,42.5,39.3,0.0,0,6330628,3542,260640865
2013-08-08,40.8,41.2,41.45,40.1,0.75,1,3849550,1956,157529100
2013-08-09,41.75,41.7,42.85,41.0,0.5,1,5344956,2747,225231922
2013-08-12,42.8,41.8,44.6,41.7,0.1,1,9688142,3891,421123154
2013-08-13,42.95,42.9,43.5,41.8,1.1,1,5816300,2879,247837038
2013-08-14,42.0,41.5,42.4,41.2,-1.4,-1,2646824,1549,110653744
2013-08-15,41.4,41.7,42.9,40.9,0.2,1,2928029,1733,123216402
2013-08-16,41.1,41.3,42.15,40.8,-0.4,-1,1638550,991,67938404
2013-08-19,41.9,44.15,44.15,41.7,2.85,1,5792518,2931,251103709
2013-08-20,44.6,43.65,46.9,43.5,-0.5,-1,7640604,4240,345741161
2013-08-22,43.35,45.5,46.15,43.35,1.85,1,4876666,2747,218288701
2013-08-23,46.1,44.95,46.1,44.6,-0.55,-1,2594952,1539,117256303
2013-08-26,45.5,43.3,45.5,43.3,-1.65,-1,3003070,1726,131505975
2013-08-27,43.0,40.75,43.3,40.55,-2.55,-1,3289942,1827,137761182
2013-08-28,40.25,38.8,40.55,38.1,-1.95,-1,3970933,2067,155414687
2013-08-29,39.5,39.8,40.2,38.8,1.0,1,3140707,1782,124563900
2013-08-30,40.0,39.6,40.9,39.55,-0.2,-1,1705539,1021,68511433
2013-09-02,39.8,39.5,40.0,38.4,-0.1,-1,1511824,942,59174939
2013-09-03,39.7,41.0,41.35,39.7,1.5,1,2697308,1605,110115414
2013-09-04,41.0,39.9,41.0,39.4,-1.1,-1,2459748,1380,98468618
2013-09-05,39.8,38.9,39.85,38.8,-1.0,-1,2881516,1466,112702268
2013-09-06,38.8,38.75,39.55,38.55,-0.15,-1,2037287,1100,79653825
2013-09-09,38.75,37.0,39.15,36.9,-1.75,-1,2430319,1242,90971753
2013-09-10,37.4,37.6,37.95,36.7,0.6,1,1601400,870,59819458
2013-09-11,37.6,38.9,39.1,37.15,1.3,1,1591418,889,60679457
2013-09-12,38.9,38.15,38.9,37.7,-0.75,-1,1189418,701,45415314
2013-09-13,38.15,37.1,38.35,37.05,-1.05,-1,1023270,591,38449045
2013-09-14,37.25,38.6,39.3,37.25,1.5,1,2988110,1607,115549390
2013-09-16,39.0,38.5,39.15,38.2,-0.1,-1,1350400,714,52145100
2013-09-17,38.85,38.4,39.15,38.35,-0.1,-1,1458204,768,56586754
2013-09-18,38.45,37.55,38.45,37.25,-0.85,-1,1153928,672,43463714
2013-09-23,37.55,37.15,37.6,36.9,-0.4,-1,1292580,686,47999341
2013-09-24,37.3,37.9,38.45,37.3,0.75,1,1554255,901,59183813
2013-09-25,37.4,38.3,39.05,37.4,0.4,1,2525567,1244,97368266
2013-09-26,38.3,37.6,38.75,37.6,-0.7,-1,955063,480,36139611
2013-09-27,38.0,39.55,39.8,37.65,1.95,1,3430800,1841,133973417
2013-09-30,39.4,39.4,40.3,39.1,-0.15,-1,2665496,1415,106049915
2013-10-01,39.4,38.6,39.5,38.6,-0.8,-1,1305916,712,50828506
2013-10-02,38.7,38.2,38.9,38.0,-0.4,-1,1302383,658,49902178
2013-10-03,39.0,38.7,39.7,38.5,0.5,1,2317830,1156,90488586
2013-10-04,39.2,40.25,41.2,38.9,1.55,1,4913143,2445,197399552
2013-10-07,40.95,39.3,40.95,39.2,-0.95,-1,2405068,1205,95934928
2013-10-08,39.35,40.1,40.8,39.35,0.8,1,4076350,1976,164177650
2013-10-09,40.2,41.6,42.5,40.2,1.5,1,6172310,3295,257165280
2013-10-11,43.0,41.75,43.6,41.75,0.15,1,5737150,2853,245038717
2013-10-14,42.0,40.9,42.5,39.5,-0.85,-1,3427787,1945,139737373
2013-10-15,41.3,41.1,41.5,40.2,0.2,1,1674377,1033,68491857
2013-10-16,41.1,41.7,42.2,40.8,0.6,1,2221633,1353,92204925
2013-10-17,42.3,40.65,42.35,40.6,-1.05,-1,2501660,1410,103065673
2013-10-18,40.75,40.7,41.4,40.7,0.05,1,1766000,988,72482549
2013-10-21,41.2,40.95,42.2,40.95,0.25,1,2637156,1379,109776424
2013-10-22,41.05,40.75,41.55,40.7,-0.2,-1,1356079,752,55683366
2013-10-23,40.85,40.8,41.7,40.55,0.05,1,1905045,1164,78575676
2013-10-24,41.2,42.2,42.45,40.9,1.4,1,3722389,2200,156002238
2013-10-25,42.2,41.6,43.45,41.6,-0.6,-1,4453305,2400,190205237
2013-10-28,42.3,41.3,42.45,41.3,-0.3,-1,1632408,888,68414467
2013-10-29,41.3,40.65,41.75,40.5,-0.65,-1,1650770,1020,67555847
2013-10-30,41.0,40.65,41.2,40.65,0.0,0,1010120,628,41343178
2013-10-31,40.65,40.4,41.3,40.4,-0.25,-1,836272,551,34115693
2013-11-01,42.0,40.85,42.2,40.7,0.45,1,3461527,1856,143344076
2013-11-04,41.0,40.85,41.4,40.5,0.0,0,1788018,914,73352281
2013-11-05,41.2,38.8,41.6,38.4,-2.05,-1,2781140,1610,112261060
2013-11-06,38.75,36.9,39.2,36.5,-1.9,-1,3710769,2036,138773694
2013-11-07,36.9,37.35,37.9,36.7,0.45,1,1464352,908,54697299
2013-11-08,37.0,37.35,37.55,37.0,0.0,0,804100,433,30038139
2013-11-11,37.8,37.6,38.3,37.5,0.25,1,1283330,756,48770641
2013-11-12,37.95,37.4,38.35,36.55,-0.2,-1,1181800,713,44432310
2013-11-13,37.8,36.5,37.8,36.0,-0.9,-1,1155164,706,42553093
2013-11-14,36.7,37.25,37.4,36.7,0.75,1,806502,483,29949574
2013-11-15,37.4,37.35,37.75,37.3,0.1,1,640141,379,24013479
2013-11-18,37.5,37.35,37.8,37.35,0.0,0,444000,278,16660600
2013-11-19,37.45,37.45,37.85,37.35,0.1,1,545200,321,20469560
2013-11-20,37.5,38.0,38.1,37.5,0.55,1,705107,396,26642369
2013-11-21,38.15,39.1,40.1,38.0,1.1,1,3469020,1889,136403359
2013-11-22,39.9,40.5,41.2,39.5,1.4,1,4426499,2241,179645379
2013-11-25,41.45,42.15,42.45,40.9,1.65,1,4941762,2476,206867208
2013-11-26,41.7,41.7,42.05,40.85,-0.45,-1,3401875,1723,141763872
2013-11-27,42.35,43.0,43.4,41.7,1.3,1,4853780,2294,207034940
2013-11-28,43.3,42.75,44.5,42.75,-0.25,-1,8292614,3723,363901106
2013-11-29,43.1,42.45,43.5,42.2,-0.3,-1,3125600,1645,133750685
2013-12-02,42.6,44.65,44.8,42.6,2.2,1,6178760,3136,273059572
2013-12-03,45.0,44.25,45.0,43.8,-0.4,-1,2688895,1517,118968664
2013-12-04,41.2,41.2,41.8,41.2,-3.05,-1,6528824,2681,269245697
2013-12-05,41.25,42.0,42.6,41.25,0.8,1,3580180,1922,149939219
2013-12-06,42.0,41.0,42.7,40.5,-1.0,-1,2427775,1339,101072529
2013-12-09,41.2,42.35,43.7,41.2,1.35,1,4272750,2004,181911306
2013-12-10,42.0,41.9,42.7,41.65,-0.45,-1,1886717,998,79450461
2013-12-11,42.4,41.5,42.9,41.5,-0.4,-1,2402522,1201,101296606
2013-12-12,41.9,41.8,42.55,41.6,0.3,1,1820772,829,76438295
2013-12-13,42.3,43.55,44.5,42.3,1.75,1,5950822,2788,259575071
2013-12-16,44.1,46.55,46.55,44.0,3.0,1,7578957,2857,344640282
2013-12-17,47.5,49.8,49.8,47.5,3.25,1,13068559,5696,636121225
2013-12-18,49.9,50.2,52.1,49.0,0.4,1,10524491,5154,531785000
2013-12-19,50.9,51.0,52.3,50.4,0.8,1,8825445,4309,452744695
2013-12-20,51.1,50.8,52.0,50.4,-0.2,-1,3605150,1965,184043771
2013-12-23,50.8,49.35,51.1,48.5,-1.45,-1,6433527,2925,319104394
2013-12-24,49.85,49.65,51.0,49.0,0.3,1,3506880,2018,175014176
2013-12-25,50.2,53.1,53.1,49.95,3.45,1,8402177,3678,438789785
2013-12-26,53.5,51.5,53.9,51.5,-1.6,-1,7834728,3758,416122162
2013-12-27,52.0,52.6,52.9,51.5,1.1,1,4016071,2075,210184117
2013-12-30,53.0,52.6,53.5,51.5,0.0,0,4571420,2356,240321288
2013-12-31,53.1,51.6,56.0,51.6,-1.0,-1,7205164,3871,384335488
2014-01-02,51.6,52.0,52.9,49.8,0.4,1,5084381,2778,261985596
2014-01-03,52.2,52.3,52.9,51.9,0.3,1,2446193,1303,128360191
2014-01-06,52.7,51.7,53.9,51.7,-0.6,-1,5805604,3154,306063144
2014-01-07,52.0,55.3,55.3,52.0,3.6,1,7346791,3207,398711130
2014-01-08,59.1,59.1,59.1,59.1,3.8,1,1660158,635,98115330
2014-01-09,61.7,58.5,61.7,57.3,-0.6,-1,8076087,4233,482397182
2014-01-10,59.5,58.5,59.6,57.3,0.0,0,4601339,2566,268887828
2014-01-13,59.5,57.5,59.5,57.3,-1.0,-1,3039824,1704,177154175
2014-01-14,58.0,60.1,61.5,57.7,2.6,1,9381166,3990,565090219
2014-01-15,59.8,58.2,59.8,58.2,-1.9,-1,3826232,2089,225207612
2014-01-16,58.2,56.5,59.4,55.9,-1.7,-1,3798684,2108,219223641
2014-01-17,56.3,56.9,57.9,55.6,0.4,1,2572425,1432,146299052
2014-01-20,57.8,58.6,59.5,57.0,1.7,1,5175482,2380,303561888
2014-01-21,58.8,58.5,58.9,57.3,-0.1,-1,1963410,1168,113823662
2014-01-22,59.5,58.5,61.4,58.5,0.0,0,7580767,4198,455637067
2014-01-23,59.1,58.6,59.5,58.3,0.1,1,3098685,1637,182466671
2014-01-24,59.0,57.5,59.0,57.3,-1.1,-1,1901840,1096,110064747
2014-01-27,56.9,56.0,57.0,56.0,-1.5,-1,1605196,1032,90728673
2014-02-05,53.5,55.0,55.4,53.5,-1.0,-1,1836248,1137,100377062
2014-02-06,55.9,55.4,56.5,55.1,0.4,1,2329281,1247,129821582
2014-02-07,56.5,56.6,57.5,56.0,1.2,1,2329804,1351,132292563
2014-02-10,52.7,52.7,54.5,52.7,-3.9,-1,4441779,2273,235785447
2014-02-11,52.1,53.8,54.1,52.0,1.1,1,2041371,1286,109197656
2014-02-12,54.5,53.3,54.8,53.2,-0.5,-1,1275446,821,68487491
2014-02-13,53.8,52.1,53.8,52.1,-1.2,-1,1502609,883,78916468
2014-02-14,52.8,52.5,53.3,51.5,0.4,1,1734240,1097,91103224
2014-02-17,53.0,54.0,54.1,52.9,1.5,1,1765139,1073,94541106
2014-02-18,54.5,53.9,54.7,53.6,-0.1,-1,1729367,977,93643969
2014-02-19,54.0,54.7,55.5,54.0,0.8,1,1962437,1183,107600669
2014-02-20,55.2,53.8,55.2,53.7,-0.9,-1,1111267,743,60295318
2014-02-21,54.8,54.5,56.1,54.0,0.7,1,2433675,1449,134508387
2014-02-24,55.2,54.3,55.8,54.3,-0.2,-1,1144528,698,62935975
2014-02-25,54.8,57.4,57.7,54.6,3.1,1,4099001,2326,232020653
2014-02-26,58.0,56.7,58.7,56.6,-0.7,-1,4263147,2253,247028289
2014-02-27,57.1,56.8,58.2,56.3,0.1,1,2460700,1376,141199287
2014-03-03,56.4,54.0,56.5,53.5,-2.8,-1,2430933,1480,134052182
2014-03-04,54.0,53.5,54.8,53.1,-0.5,-1,1572029,916,84795250
2014-03-05,54.0,56.0,56.3,54.0,2.5,1,2878029,1724,158732515
2014-03-06,56.0,55.2,56.0,54.8,-0.8,-1,1585027,941,87685584
2014-03-07,55.9,53.9,57.1,53.8,-1.3,-1,3202622,1731,178093862
2014-03-10,53.4,53.9,54.3,53.2,0.0,0,1180837,694,63231463
2014-03-11,54.6,54.0,55.6,53.8,0.1,1,1576732,935,85777128
2014-03-12,53.7,54.1,54.7,53.7,0.1,1,978528,652,53079063
2014-03-13,54.7,57.8,57.8,54.3,3.7,1,5810878,2589,331620841
2014-03-14,58.1,58.9,60.7,57.1,1.1,1,9318102,4979,551109579
2014-03-17,59.3,57.7,59.9,57.6,-1.2,-1,3868806,2145,227785002
2014-03-18,58.8,59.1,60.7,57.7,1.4,1,8975122,4244,534403304
2014-03-19,58.9,55.0,58.9,55.0,-4.1,-1,7903013,3780,443747115
2014-03-20,54.2,52.7,54.2,51.2,-2.3,-1,5181681,2714,272483753
2014-03-21,52.7,52.6,53.4,51.7,-0.1,-1,1987882,1152,104481890
2014-03-24,51.0,51.1,51.6,49.7,-1.5,-1,1561345,898,78735167
2014-03-25,50.8,52.0,52.1,50.6,0.9,1,897202,605,46389104
2014-03-26,53.0,51.5,53.0,51.1,-0.5,-1,1126169,698,58255053
2014-03-27,51.8,52.1,53.3,51.6,0.6,1,2366757,1424,124138417
2014-03-28,52.4,49.8,52.6,49.55,-2.3,-1,2389695,1531,121844154
2014-03-31,49.8,51.0,51.3,49.6,1.2,1,1835906,1118,92312044
2014-04-01,50.5,50.3,51.4,50.2,-0.7,-1,2008667,1126,102176516
2014-04-02,50.9,51.1,51.4,50.5,0.8,1,1974375,1259,100699036
2014-04-03,50.9,50.2,51.3,50.0,-0.9,-1,2348819,1436,118493495
2014-04-07,49.8,48.8,49.8,48.55,-1.4,-1,2682500,1639,131349500
2014-04-08,48.8,48.55,49.65,48.3,-0.25,-1,2428925,1405,118852925
2014-04-09,48.7,49.1,49.25,48.65,0.55,1,1869044,1087,91423396
2014-04-10,49.2,46.45,49.35,46.0,-2.65,-1,4191883,2645,198104391
2014-04-11,45.0,45.7,45.8,44.6,-0.75,-1,3317500,1736,150269600
2014-04-14,45.7,44.1,45.7,43.85,-1.6,-1,1723400,1028,76973329
2014-04-15,44.5,46.15,46.5,44.5,2.05,1,2035780,1275,93491439
2014-04-16,46.45,46.05,46.55,45.5,-0.1,-1,1468148,903,67560444
2014-04-17,46.3,46.95,47.6,46.1,0.9,1,1736542,1064,81757915
2014-04-18,47.1,46.95,47.4,46.4,0.0,0,840744,597,39314518
2014-04-21,46.9,47.15,47.5,46.6,0.2,1,652100,462,30756180
2014-04-22,47.15,48.3,48.35,47.15,1.15,1,1552620,858,74528010
2014-04-23,48.6,47.8,48.8,47.1,-0.5,-1,1102400,651,52749900
2014-04-24,48.05,46.75,48.2,46.7,-1.05,-1,626228,405,29602858
2014-04-25,46.6,45.5,47.5,44.2,-1.25,-1,1327100,817,60203195
2014-04-28,43.9,45.0,45.4,43.9,-0.5,-1,753264,453,33682952
2014-04-29,45.8,45.3,45.85,44.9,0.3,1,727780,505,32987650
2014-04-30,45.8,44.45,45.8,44.45,-0.85,-1,764284,524,34312093
2014-05-02,44.45,45.25,45.35,44.45,0.8,1,833133,456,37505485
2014-05-05,44.3,44.9,45.75,44.3,-0.35,-1,1169904,660,52490117
2014-05-06,44.4,43.75,44.75,43.15,-1.15,-1,2235010,1250,98076035
2014-05-07,43.1,44.55,45.4,43.1,0.8,1,1749709,1084,77886985
2014-05-08,44.1,44.05,44.55,43.75,-0.5,-1,739262,502,32578144
2014-05-09,44.2,44.05,45.3,44.05,0.0,0,815667,574,36389679
2014-05-12,44.2,44.1,44.6,43.25,0.05,1,772257,431,33809832
2014-05-13,44.6,44.25,45.7,44.2,0.15,1,1244105,862,55870037
2014-05-14,44.75,44.3,44.75,43.6,0.05,1,565554,371,24938941
2014-05-15,44.4,44.3,44.7,44.25,0.0,0,286160,208,12737854
2014-05-16,44.35,45.3,45.5,44.35,1.0,1,1476615,887,66687975
2014-05-19,45.7,46.55,46.7,45.5,1.25,1,2131301,1120,98757111
2014-05-20,46.6,47.3,48.0,46.6,0.75,1,1744523,1045,82880536
2014-05-21,47.75,47.25,47.8,47.15,-0.05,-1,896300,554,42463274
2014-05-22,47.55,47.3,47.7,46.3,0.05,1,1176288,678,55464836
2014-05-23,47.6,47.7,48.4,47.5,0.4,1,1673400,875,80241879
2014-05-26,48.3,48.5,48.5,47.3,0.8,1,1696350,826,81528122
2014-05-27,48.8,48.7,49.9,48.6,0.2,1,3255775,1746,160345136
2014-05-28,49.0,49.2,49.7,49.0,0.5,1,1539472,880,75909171
2014-05-29,49.7,50.4,51.0,49.45,1.2,1,3199046,1837,161397753
2014-05-30,50.9,50.3,51.0,50.0,-0.1,-1,1251002,714,63115996
2014-06-03,50.8,49.95,51.5,49.75,-0.35,-1,1847312,985,93151260
2014-06-04,49.95,50.0,50.9,49.6,0.05,1,1460051,835,73231400
2014-06-05,49.0,48.55,49.4,48.1,-1.45,-1,2442566,1396,119160847
2014-06-06,48.7,49.4,49.5,48.7,0.85,1,2002695,715,98656929
2014-06-09,49.8,50.2,50.7,49.6,0.8,1,3482080,1185,174673189
2014-06-10,50.3,50.2,50.6,49.8,0.0,0,2156684,721,108231933
2014-06-11,50.3,50.4,50.6,50.0,0.2,1,825798,432,41538796
2014-06-12,50.6,51.2,51.3,50.6,0.8,1,1489095,867,75863061
2014-06-13,51.3,51.3,51.6,50.8,0.1,1,2322251,1219,118963022
2014-06-16,48.0,47.0,48.2,47.0,0.0,0,3373175,1733,161277125
2014-06-17,47.1,46.6,47.2,46.0,-0.4,-1,1085420,704,50505929
2014-06-18,47.2,46.25,47.2,46.2,-0.35,-1,785100,463,36606674
2014-06-19,46.25,45.15,46.5,45.1,-1.1,-1,1515165,985,68923322
2014-06-20,45.15,44.0,45.15,44.0,-1.15,-1,1510357,941,67023639
2014-06-23,43.5,41.6,44.0,41.6,-2.4,-1,1677370,914,71778391
2014-06-24,41.6,42.55,42.8,41.6,0.95,1,1044380,635,44272168
2014-06-25,42.55,42.9,43.5,42.2,0.35,1,999663,601,42955842
2014-06-26,43.5,43.1,43.6,43.05,0.2,1,670190,445,29034538
2014-06-27,43.1,42.0,43.2,42.0,-1.1,-1,1089060,569,46080620
2014-06-30,41.8,42.2,42.6,41.8,0.2,1,500056,269,21074255
2014-07-01,42.3,43.45,44.0,42.3,1.25,1,1291500,694,55895297
2014-07-02,43.9,42.65,44.05,42.35,-0.8,-1,690309,421,29704443
2014-07-03,44.1,44.2,44.8,43.6,1.55,1,1291061,745,56888744
2014-07-04,44.6,43.4,44.6,43.3,-0.8,-1,656370,403,28615744
2014-07-07,43.3,43.3,43.4,42.8,-0.1,-1,625209,329,26908449
2014-07-08,43.4,42.7,43.5,42.65,-0.6,-1,469973,286,20209047
2014-07-09,42.6,41.8,42.7,41.7,-0.9,-1,855146,504,35960783
2014-07-10,41.65,41.35,42.4,41.25,-0.45,-1,575358,359,24061564
2014-07-11,41.05,38.95,41.05,38.7,-2.4,-1,1829000,1022,72504300
2014-07-14,39.0,38.35,39.35,37.8,-0.6,-1,1119289,739,42679704
2014-07-15,38.8,37.35,38.9,36.9,-1.0,-1,1537015,908,57950673
2014-07-16,37.8,38.9,39.05,37.8,1.55,1,1558539,983,60174366
2014-07-17,39.0,38.9,39.1,38.2,0.0,0,607809,384,23522818
2014-07-18,38.7,39.15,39.8,38.6,0.25,1,578000,374,22690700
2014-07-21,39.0,39.0,39.65,38.65,-0.15,-1,357010,231,13939391
2014-07-22,39.2,38.65,39.5,38.6,-0.35,-1,409051,241,15877474
2014-07-24,39.0,39.0,39.5,38.8,0.35,1,544582,343,21330085
2014-07-25,39.0,39.1,39.6,39.0,0.1,1,463901,279,18184478
2014-07-28,39.1,38.5,39.25,38.5,-0.6,-1,598001,285,23242089
2014-07-29,38.6,37.1,38.8,36.7,-1.4,-1,919130,575,34442124
2014-07-30,36.7,35.9,36.95,35.5,-1.2,-1,1269745,694,45794988
2014-07-31,36.1,36.05,36.5,35.85,0.15,1,822999,433,29664513
2014-08-01,35.8,35.25,35.85,35.1,-0.8,-1,655397,381,23219142
2014-08-04,35.7,36.3,36.45,34.8,1.05,1,958593,536,34250275
2014-08-05,35.7,35.9,36.5,35.4,-0.4,-1,712099,428,25624588
2014-08-06,36.0,36.0,36.5,35.3,0.1,1,772050,492,27699574
2014-08-07,36.05,36.1,36.65,35.7,0.1,1,787024,516,28570526
2014-08-08,35.9,35.4,35.9,35.0,-0.7,-1,698115,379,24742051
2014-08-11,35.5,35.6,35.8,35.3,0.2,1,624050,326,22199875
2014-08-12,35.65,38.05,38.05,35.5,2.45,1,1949481,1047,73708847
2014-08-13,38.0,38.35,38.9,37.5,0.3,1,1768320,1041,67767041
2014-08-14,38.4,38.15,38.9,38.05,-0.2,-1,767497,432,29470434
2014-08-15,38.05,37.75,38.4,37.6,-0.4,-1,410000,267,15533450
2014-08-18,38.45,37.8,38.45,37.35,0.05,1,473090,298,17932384
2014-08-19,38.4,39.05,40.0,38.35,1.25,1,1277285,729,50094042
2014-08-20,39.5,38.35,39.6,38.2,-0.7,-1,585137,369,22689323
2014-08-21,38.3,38.6,38.65,37.7,0.25,1,437445,280,16662521
2014-08-22,39.3,39.15,39.3,38.55,0.55,1,426261,241,16619052
2014-08-25,39.5,39.0,39.6,38.3,-0.15,-1,465000,307,18081300
2014-08-26,39.05,40.0,40.35,39.0,1.0,1,1334168,788,53172328
2014-08-27,40.3,41.2,42.0,40.3,1.2,1,1541136,851,63735152
2014-08-28,41.9,41.0,41.9,40.9,-0.2,-1,741500,393,30576198
2014-08-29,41.2,41.9,42.4,41.1,0.9,1,1319759,616,55292425
2014-09-01,42.8,43.45,44.3,42.5,1.55,1,2541105,1243,110956011
2014-09-02,43.8,43.7,44.6,43.5,0.25,1,1886451,1055,82851594
2014-09-03,43.55,42.5,43.55,41.5,-1.2,-1,1821609,969,77335071
2014-09-04,42.7,45.3,45.45,42.5,2.8,1,5357208,2564,241572765
2014-09-05,45.3,44.75,45.65,44.3,-0.55,-1,1741266,940,78085804
2014-09-09,45.5,46.25,46.7,44.7,1.5,1,3262130,1854,149746656
2014-09-10,46.25,46.0,46.5,45.25,-0.25,-1,2019101,1059,92442596
2014-09-11,46.2,45.2,46.9,45.2,-0.8,-1,2007300,1187,92471159
2014-09-12,45.2,44.45,45.5,43.8,-0.75,-1,1854574,1004,82430754
2014-09-15,44.7,47.55,47.55,44.7,3.1,1,5441987,2686,255930280
2014-09-16,47.55,47.05,47.9,47.0,-0.5,-1,3084305,1801,146342327
2014-09-17,47.6,47.5,49.1,47.15,0.45,1,3677231,2062,177108638
2014-09-18,47.0,47.95,48.25,47.0,0.45,1,1727818,956,82649714
2014-09-19,48.35,47.8,48.45,47.6,-0.15,-1,1534209,919,73629182
2014-09-22,47.8,48.7,49.2,47.75,0.9,1,2860233,1558,139293167
2014-09-23,48.75,49.6,50.9,48.3,0.9,1,4982924,2632,249142819
2014-09-24,50.5,50.7,51.1,49.75,1.1,1,3574439,2078,180220467
2014-09-25,51.5,50.3,52.2,49.2,-0.4,-1,4970010,2673,254192546
2014-09-26,50.0,50.9,51.2,49.3,0.6,1,2916308,1597,147096530
2014-09-29,51.5,51.8,52.4,51.3,0.9,1,2962073,1555,153494596
2014-09-30,52.3,51.9,52.4,50.6,0.1,1,2468957,1285,127365575
2014-10-01,52.2,54.4,55.1,51.7,2.5,1,4493140,2303,239909686
2014-10-02,53.9,54.5,55.6,53.8,0.1,1,6333024,3238,346363607
2014-10-03,53.0,53.1,54.1,52.6,-1.4,-1,5091661,2508,271258998
2014-10-06,53.5,53.7,54.3,52.9,0.6,1,3252441,1585,174431276
2014-10-07,53.5,49.95,53.5,49.95,-3.75,-1,8621461,3542,435883400
2014-10-08,49.7,48.65,50.7,47.8,-1.3,-1,4742788,2140,234365234
2014-10-09,49.2,49.2,50.1,47.8,0.55,1,3427301,1842,167637656
2014-10-13,47.6,48.7,49.5,47.6,-0.5,-1,3894467,1813,189019191
2014-10-14,48.6,49.5,49.5,48.2,0.8,1,1848274,1018,90436879
2014-10-15,49.9,47.35,49.9,47.2,-2.15,-1,3286434,1648,159023347
2014-10-16,46.7,50.0,50.5,44.6,2.65,1,5853211,2921,278272276
2014-10-17,50.6,48.0,51.1,48.0,-2.0,-1,3384868,1808,166938514
2014-10-20,49.5,48.9,49.5,48.2,0.9,1,1365780,842,66841808
2014-10-21,49.4,48.6,49.5,48.1,-0.3,-1,1674000,966,81497550
2014-10-22,49.9,51.0,52.0,49.15,2.4,1,7617687,3313,390453666
2014-10-23,50.6,50.5,51.5,50.1,-0.5,-1,2909572,1644,148028014
2014-10-24,51.2,50.4,51.5,49.8,-0.1,-1,3711495,1930,188489797
2014-10-27,51.0,46.9,51.2,46.9,-3.5,-1,5793053,3033,279929934
2014-10-28,46.9,48.3,48.7,46.1,1.4,1,4455209,2439,211301686
2014-10-29,49.0,50.9,51.4,48.7,2.6,1,4789590,2488,240916624
2014-10-30,51.0,50.9,52.4,50.3,0.0,0,4149197,2340,214131486
2014-10-31,51.9,51.8,52.2,50.9,0.9,1,2726605,1554,140399936
2014-11-03,52.5,54.0,54.1,51.6,2.2,1,5914874,3126,314582818
2014-11-04,55.3,56.0,56.9,55.3,2.0,1,8252917,4013,462313973
2014-11-05,56.0,55.0,56.2,54.3,-1.0,-1,5222177,2731,287746480
2014-11-06,55.0,52.2,55.0,52.0,-2.8,-1,4141436,2454,219873958
2014-11-07,52.3,53.4,53.6,52.3,1.2,1,2572822,1513,136624646
2014-11-10,54.0,52.6,54.0,52.5,-0.8,-1,1861979,1140,98993301
2014-11-11,52.0,54.4,55.2,52.0,1.8,1,5247933,2824,285019374
2014-11-12,54.9,54.4,54.9,54.0,0.0,0,2360215,1212,128399430
2014-11-13,54.4,54.8,54.8,53.2,0.4,1,2774335,1350,150311191
2014-11-14,54.8,55.9,56.3,54.4,1.1,1,4512626,2089,250359605
2014-11-17,56.5,55.3,56.5,54.6,-0.6,-1,3721122,1815,207273895
2014-11-18,55.5,53.4,55.9,51.5,-1.9,-1,5146696,2840,273201155
2014-11-19,53.4,53.7,54.4,52.8,0.3,1,2127250,1283,114546349
2014-11-20,54.4,55.5,56.0,54.0,1.8,1,3647278,1893,201897744
2014-11-21,56.0,56.6,57.4,55.2,1.1,1,4763444,2403,270644327
2014-11-24,56.6,55.6,56.8,55.3,-1.0,-1,1828705,985,102339485
2014-11-25,55.6,56.2,57.9,55.2,0.6,1,3404208,1908,192535226
2014-11-26,56.3,57.1,57.5,55.6,0.9,1,2419803,1272,137342607
2014-11-27,58.0,58.8,59.3,57.6,1.7,1,6100722,2955,357100432
2014-11-28,58.7,57.3,58.7,56.5,-1.5,-1,3106732,1671,178131348
2014-12-01,55.5,57.8,58.9,55.5,0.5,1,2651803,1523,152911672
2014-12-02,58.0,58.7,59.2,57.5,0.9,1,2843943,1597,165661570
2014-12-03,54.6,57.0,57.5,54.6,-1.7,-1,8895701,3669,497658657
2014-12-04,56.8,57.0,57.5,56.1,0.0,0,2539810,1301,144348470
2014-12-05,56.8,56.3,56.9,55.2,-0.7,-1,2165336,1162,121270579
2014-12-08,56.0,54.2,56.3,53.2,-2.1,-1,4514687,2377,246528804
2014-12-09,53.0,54.3,55.0,53.0,0.1,1,1677709,1035,91314355
2014-12-10,54.3,53.5,55.0,52.8,-0.8,-1,1744136,970,93442461
2014-12-11,53.1,54.2,54.8,53.1,0.7,1,1494316,831,80677632
2014-12-12,54.9,54.4,55.0,53.9,0.2,1,1274655,660,69405065
2014-12-15,54.0,55.4,55.4,53.4,1.0,1,1363667,734,74228649
2014-12-16,55.0,54.6,56.3,54.6,-0.8,-1,1587280,991,87852203
2014-12-17,54.6,53.4,54.9,52.8,-1.2,-1,2009000,982,107548200
2014-12-18,54.5,53.3,55.0,53.3,-0.1,-1,1895292,1021,102479176
2014-12-19,54.4,52.8,54.9,52.1,-0.5,-1,2398583,1357,128706680
2014-12-22,53.2,54.5,54.5,52.9,1.7,1,1938400,1055,104729400
2014-12-23,55.0,54.7,55.8,54.3,0.2,1,1651137,963,90874892
2014-12-24,54.2,57.3,58.2,54.2,2.6,1,5088824,2556,287257068
2014-12-25,57.5,57.2,58.8,56.7,-0.1,-1,3186362,1766,183580097
2014-12-26,58.0,57.2,58.0,56.9,0.0,0,1352500,778,77609650
2014-12-27,57.3,57.9,58.3,57.1,0.7,1,1734274,955,100370681
2014-12-29,58.6,57.6,58.8,57.2,-0.3,-1,1772209,960,102955274
2014-12-30,58.2,57.0,58.3,56.6,-0.6,-1,1222500,750,70032450
2014-12-31,57.0,56.3,57.0,56.1,-0.7,-1,1276560,727,72088638
2015-01-05,56.9,59.9,59.9,56.5,3.6,1,6539920,2966,384466924
2015-01-06,59.4,60.0,61.2,59.0,0.1,1,5334546,2689,321077200
2015-01-07,60.0,58.2,61.1,58.2,-1.8,-1,4732862,2266,280620897
2015-01-08,59.8,58.7,60.0,57.8,0.5,1,4073559,1964,239806355
2015-01-09,59.0,59.0,59.5,58.4,0.3,1,1417100,822,83627600
2015-01-12,59.0,58.9,59.9,58.6,-0.1,-1,1186099,645,70215590
2015-01-13,59.0,58.6,59.0,58.2,-0.3,-1,1183262,697,69271204
2015-01-14,58.8,58.7,59.6,58.2,0.1,1,980104,557,57655673
2015-01-15,58.9,58.6,59.3,58.4,-0.1,-1,685204,423,40394572
2015-01-16,58.9,58.3,59.6,58.2,-0.3,-1,1063940,696,62602020
2015-01-19,59.2,56.0,59.2,55.5,-2.3,-1,3629300,2095,205013049
2015-01-20,56.0,56.2,56.6,55.6,0.2,1,799050,527,44861434
2015-01-21,57.3,57.0,57.9,56.5,0.8,1,1147964,773,65503558
2015-01-22,57.3,56.6,57.7,56.5,-0.4,-1,839500,483,47971548
2015-01-23,57.2,56.6,57.2,56.2,0.0,0,894611,524,50570879
2015-01-26,56.6,56.1,57.1,56.0,-0.5,-1,572648,377,32290151
2015-01-27,56.3,57.2,57.5,56.3,1.1,1,1523929,790,86859259
2015-01-28,57.2,56.9,57.2,56.5,-0.3,-1,458246,278,26065872
2015-01-29,56.6,57.0,57.4,56.6,0.1,1,817131,586,46698127
2015-01-30,57.7,57.2,57.7,56.7,0.2,1,833101,505,47688546
2015-02-02,57.4,57.4,57.5,56.5,0.2,1,511447,285,29190623
2015-02-03,57.8,57.7,59.1,57.2,0.3,1,2474651,1297,144560265
2015-02-04,59.7,58.0,59.8,57.9,0.3,1,2573260,1210,151084553
2015-02-05,58.3,58.0,58.5,56.9,0.0,0,913204,561,52655032
2015-02-06,58.0,58.1,58.7,57.6,0.1,1,1182334,623,68764805
2015-02-09,58.5,58.1,58.9,57.9,0.0,0,645522,446,37725270
2015-02-10,58.1,57.7,58.4,57.7,-0.4,-1,445271,287,25838755
2015-02-11,57.7,57.2,58.0,56.8,-0.5,-1,1146309,756,65673173
2015-02-12,57.2,57.2,57.4,56.1,0.0,0,864001,533,49076556
2015-02-13,57.3,58.2,58.3,56.7,1.0,1,937200,574,53956620
2015-02-24,58.9,58.8,59.6,58.3,0.6,1,1916260,883,113064388
2015-02-25,59.1,62.9,62.9,59.0,4.1,1,7307267,3058,450197379
2015-02-26,63.5,67.0,67.3,63.2,4.1,1,12717482,6200,831774333
2015-03-02,67.0,66.5,67.5,66.0,-0.5,-1,4348151,2268,289797320
2015-03-03,67.1,66.5,68.5,66.3,0.0,0,5127324,2687,345780213
2015-03-04,65.0,64.5,65.5,63.7,-2.0,-1,4971773,2467,320691955
2015-03-05,65.1,66.9,67.5,65.1,2.4,1,4488461,2397,298382099
2015-03-06,67.5,67.3,69.2,67.3,0.4,1,4365120,2309,296955668
2015-03-09,67.2,68.2,68.5,66.3,0.9,1,2206445,1380,149038271
2015-03-10,68.5,67.5,70.7,67.2,-0.7,-1,5849680,2797,402154997
2015-03-11,67.0,67.2,68.0,66.6,-0.3,-1,1923944,1025,129781651
2015-03-12,67.2,67.0,67.6,66.4,-0.2,-1,1856112,941,124160490
2015-03-13,67.2,67.3,68.4,66.7,0.3,1,1258075,810,84869625
2015-03-16,68.0,67.2,68.7,67.2,-0.1,-1,1425225,795,96547217
2015-03-17,67.5,66.8,67.7,66.3,-0.4,-1,1631201,842,109221941
2015-03-18,66.8,67.3,68.2,66.5,0.5,1,1241000,679,83818000
2015-03-19,68.3,72.0,72.0,67.7,4.7,1,5815076,2667,412232572
2015-03-20,73.0,74.4,75.4,72.5,2.4,1,7478538,3679,552960212
2015-03-23,76.0,73.6,76.4,73.1,-0.8,-1,4346101,4337,325346625
2015-03-24,74.6,75.7,75.9,74.0,2.1,1,3606912,2883,270552116
2015-03-25,75.1,71.8,75.2,71.0,-3.9,-1,4775278,3187,347647066
2015-03-26,69.0,71.8,71.8,69.0,0.0,0,3590621,2378,253322512
2015-03-27,71.8,70.3,71.8,69.2,-1.5,-1,2939138,1790,206661186
2015-03-30,71.0,68.0,71.1,66.5,-2.3,-1,1916600,1562,130956835
2015-03-31,68.3,69.4,69.7,67.2,1.4,1,1832679,1473,125744085
2015-04-01,68.8,69.4,69.5,68.1,0.0,0,1541500,1096,106022315
2015-04-02,69.4,67.4,69.4,66.0,-2.0,-1,3350000,2032,224785900
2015-04-07,67.0,67.2,68.1,65.6,-0.2,-1,2336812,1655,157100754
2015-04-08,67.9,65.8,68.1,65.8,-1.4,-1,1757843,1604,116795223
2015-04-09,65.8,63.9,66.5,63.7,-1.9,-1,2802601,1518,181890061
2015-04-10,64.3,65.0,66.4,64.3,1.1,1,2958920,1559,193736387
2015-04-13,65.0,66.6,67.2,64.4,1.6,1,1658393,1047,109578062
2015-04-14,67.7,68.0,69.2,67.2,1.4,1,4124304,2286,282250346
2015-04-15,68.0,67.0,68.5,67.0,-1.0,-1,1181108,833,79911986
2015-04-16,67.3,71.6,71.6,67.1,4.6,1,8395549,3625,590175200
2015-04-17,72.3,72.4,74.8,71.9,0.8,1,9175626,4818,672034677
2015-04-20,72.6,71.6,74.4,71.6,-0.8,-1,4507687,2934,328152438
2015-04-21,72.8,70.4,74.1,69.3,-1.2,-1,5673180,3362,409691400
2015-04-22,71.9,72.7,73.0,71.0,2.3,1,2933606,1849,211446808
2015-04-23,73.5,72.5,73.9,72.0,-0.2,-1,2532529,1539,184457997
2015-04-24,73.3,71.0,73.3,70.7,-1.5,-1,2225388,1306,158984648
2015-04-27,71.1,72.0,72.5,70.7,1.0,1,1322130,866,94713560
2015-04-28,72.2,71.8,72.3,70.6,-0.2,-1,1338349,797,95766015
2015-04-29,71.8,69.8,71.8,69.3,-2.0,-1,1776024,1032,124558283
2015-04-30,70.0,72.3,72.3,69.6,2.5,1,1739373,1135,124300929
2015-05-04,73.4,73.9,75.6,72.6,1.6,1,4879284,2851,361894093
2015-05-05,74.7,75.3,77.1,74.7,1.4,1,5897863,3220,448576824
2015-05-06,76.5,77.8,77.9,74.8,2.5,1,4693813,2733,358614549
2015-05-07,77.7,77.1,79.2,76.6,-0.7,-1,4654118,2505,363251039
2015-05-08,78.2,77.5,79.4,75.8,0.4,1,3761099,2290,291865059
2015-05-11,78.9,76.6,78.9,74.8,-0.9,-1,2566460,1532,196704924
2015-05-12,77.2,76.5,77.7,75.0,-0.1,-1,2151048,1229,163944563
2015-05-13,76.5,77.7,79.2,76.3,1.2,1,4300106,2392,335929711
2015-05-14,77.7,78.5,78.5,77.1,0.8,1,1438972,963,112143892
2015-05-15,79.9,77.8,81.5,77.8,-0.7,-1,6242103,3790,498413951
2015-05-18,78.1,79.2,79.5,77.0,1.4,1,2116872,1414,166066422
2015-05-19,79.3,84.7,84.7,79.3,5.5,1,7131966,3356,593672488
2015-05-20,85.6,86.3,87.9,85.1,1.6,1,7737031,4404,669343966
2015-05-21,86.3,85.0,88.2,84.7,-1.3,-1,4147022,2682,357564757
2015-05-22,85.5,88.9,90.4,85.5,3.9,1,6619906,4117,586207444
2015-05-25,88.9,93.5,93.5,87.2,4.6,1,6463186,3575,588617098
2015-05-26,94.0,93.4,95.6,92.7,-0.1,-1,5422179,3420,510416234
2015-05-27,94.0,94.8,95.6,92.7,1.4,1,4643456,3057,438514678
2015-05-28,95.6,97.0,98.3,95.3,2.2,1,4885317,3070,473314564
2015-05-29,98.0,96.4,98.3,96.1,-0.6,-1,2953520,2044,286392676
2015-06-01,96.5,95.4,97.0,91.6,-1.0,-1,3529982,2222,333771472
2015-06-02,96.0,101.5,103.0,95.8,6.1,1,7608897,4128,764534194
2015-06-03,108.0,99.8,108.0,99.1,-1.7,-1,8887107,5131,916319800
2015-06-04,99.8,91.4,101.0,90.4,-8.4,-1,8502136,5181,807242015
2015-06-05,92.0,94.8,94.9,90.1,3.4,1,5893888,3968,548327411
2015-06-08,94.8,93.9,95.4,91.7,-0.9,-1,3739351,2341,350034644
2015-06-09,94.0,86.8,95.9,86.0,-7.1,-1,8008710,4836,730374820
2015-06-10,89.8,89.5,91.3,87.6,2.7,1,5241414,3097,469420648
2015-06-11,92.0,95.8,97.3,90.7,6.3,1,7675784,4675,717403899
2015-06-12,95.4,95.0,98.7,94.8,-0.8,-1,7344557,4478,713073541
2015-06-15,96.0,97.5,98.7,94.6,2.5,1,4087788,2698,395694726
2015-06-16,98.0,96.6,98.5,96.4,-0.9,-1,3133461,2053,305048822
2015-06-17,96.7,100.0,101.5,96.7,3.4,1,6105607,3625,608361100
2015-06-18,102.0,110.0,110.0,101.5,10.0,1,10919558,5435,1168383380
2015-06-22,113.5,113.0,116.0,109.0,3.0,1,10851143,5935,1223103159
2015-06-23,114.0,109.5,115.0,107.5,-3.5,-1,6824278,3856,755846802
2015-06-24,110.0,116.0,116.0,108.0,6.5,1,4906770,2851,553853320
2015-06-25,116.5,115.0,119.0,113.0,-1.0,-1,4784534,2707,553434410
2015-06-26,115.0,112.0,116.5,111.0,-3.0,-1,2487503,1514,281284836
2015-06-29,106.0,105.0,107.0,103.0,-7.0,-1,3795089,2070,398817345
2015-06-30,104.0,112.5,112.5,104.0,0.0,0,6549219,3381,725295636
2015-07-01,114.5,116.0,120.0,113.0,3.5,1,8537419,4739,996978104
2015-07-02,116.5,118.5,119.0,114.0,2.5,1,3524099,2235,413088225
2015-07-03,120.0,125.0,128.0,120.0,6.5,1,9100348,5159,1132851000
2015-07-06,125.0,120.0,129.5,120.0,-5.0,-1,5681282,3590,705671622
2015-07-07,122.0,113.5,122.5,110.0,-6.5,-1,7822643,4564,903851945
2015-07-08,110.0,102.5,112.0,102.5,-11.0,-1,7498256,4011,797382233
2015-07-09,101.0,108.0,109.0,95.0,5.5,1,8941897,5014,923564976
2015-07-13,111.0,105.5,111.5,103.5,-2.5,-1,6057332,3682,648722520
2015-07-14,106.5,95.0,106.5,95.0,-10.5,-1,12954231,7355,1274945693
2015-07-15,93.0,95.2,97.6,91.5,0.2,1,10941738,6530,1038216518
2015-07-16,94.6,92.7,94.6,92.2,-2.5,-1,6379270,4170,594937277
2015-07-17,93.5,89.0,96.5,86.9,-3.7,-1,10398134,6896,948550294
2015-07-20,90.6,84.6,91.8,84.6,-4.4,-1,10208737,6043,899774136
2015-07-21,85.0,86.1,87.9,82.5,1.5,1,10388333,6538,887358002
2015-07-22,84.2,82.6,86.6,82.6,-3.5,-1,7152654,3809,607205386
2015-07-23,82.7,80.0,84.4,78.7,-2.6,-1,9652071,5717,782853566
2015-07-24,80.6,79.8,82.2,79.2,-0.2,-1,5725552,3743,461399977
2015-07-27,78.2,72.9,80.7,72.6,-6.9,-1,6556645,3905,503058973
2015-07-28,74.0,79.9,80.0,74.0,7.0,1,9108553,5769,705826794
2015-07-29,81.0,79.6,82.2,77.6,-0.3,-1,8788849,5354,703686063
2015-07-30,79.9,79.6,83.7,78.7,0.0,0,9773902,5834,793977860
2015-07-31,80.4,76.2,80.5,75.2,-3.4,-1,5978080,4120,464459998
2015-08-03,75.8,68.6,75.8,68.6,-7.6,-1,8753633,4952,617540208
2015-08-04,66.0,62.3,68.2,61.8,-6.3,-1,11522379,6095,740884245
2015-08-05,63.5,65.1,66.0,61.6,2.8,1,13178830,8453,846143327
2015-08-06,65.1,58.6,65.1,58.6,-6.5,-1,12774350,7493,773443903
2015-08-07,57.9,60.5,61.5,56.6,1.9,1,8384885,5414,502259940
2015-08-10,61.6,66.5,66.5,61.2,6.0,1,11003259,6407,710773523
2015-08-11,67.0,63.2,67.0,63.2,-3.3,-1,10368503,6311,673248242
2015-08-12,62.5,64.6,64.8,61.2,1.4,1,6121356,4031,387713419
2015-08-13,65.5,65.1,67.0,64.7,0.5,1,7524571,4738,496269286
2015-08-14,66.0,66.0,67.8,65.7,0.9,1,8154074,4844,545075070
2015-08-17,65.5,63.8,65.9,63.6,-2.2,-1,3983607,2570,257965389
2015-08-18,64.0,63.6,65.7,63.6,-0.2,-1,3822704,2572,245946443
2015-08-19,63.1,59.5,64.6,57.6,-4.1,-1,7684105,4894,462535394
2015-08-20,60.0,63.0,63.8,59.5,3.5,1,6933840,4806,430821520
2015-08-21,61.5,60.6,64.4,59.2,-2.4,-1,8399139,5534,521752922
2015-08-24,58.0,54.6,59.0,54.6,-6.0,-1,5101078,2885,282345449
2015-08-25,50.0,54.2,55.4,50.0,-0.4,-1,4787488,3040,255892288
2015-08-26,54.0,54.0,55.2,52.2,-0.2,-1,4383266,2689,235737892
2015-08-27,55.1,59.4,59.4,55.1,5.4,1,8084496,4384,467277860
2015-08-28,61.2,58.7,61.5,58.2,-0.7,-1,8150410,4614,490126607
2015-08-31,58.0,57.2,58.5,56.1,-1.5,-1,2993219,2075,171264986
2015-09-01,57.0,57.5,59.4,56.8,0.3,1,6121571,3888,355767818
2015-09-02,57.0,59.8,60.3,56.8,2.3,1,6415001,4216,378273851
2015-09-03,61.9,62.9,64.5,61.6,3.1,1,14818980,8678,936660508
2015-09-04,63.4,60.5,64.4,60.5,-2.4,-1,7870791,5042,491958909
2015-09-07,61.6,63.9,63.9,61.6,3.4,1,9798509,6015,617569825
2015-09-08,65.3,64.6,66.6,64.1,0.7,1,12593421,8001,824736043
2015-09-09,66.3,65.6,66.3,64.9,1.0,1,9421881,5522,619015088
2015-09-10,64.9,67.0,67.4,64.9,1.4,1,7402870,4744,493058073
2015-09-11,69.0,73.7,73.7,69.0,6.7,1,16471830,9868,1180872271
2015-09-14,74.9,72.1,74.9,72.1,-1.6,-1,11104317,6625,813417915
2015-09-15,73.0,70.8,73.2,70.6,-1.3,-1,5880000,3754,421690998
2015-09-16,72.0,71.0,73.6,70.8,0.2,1,9106741,5583,659196933
2015-09-17,72.0,71.4,72.4,71.1,0.4,1,5287560,3418,379038980
2015-09-18,72.1,72.6,74.4,72.1,1.2,1,10015189,6394,734934118
2015-09-21,71.2,73.1,73.6,71.2,0.5,1,4820566,3154,350358785
2015-09-22,75.0,75.6,78.0,75.0,2.5,1,14476875,8894,1106086332
2015-09-23,74.8,72.0,76.1,71.5,-3.6,-1,8834552,5564,651383916
2015-09-24,73.0,69.1,73.2,66.3,-2.9,-1,10820056,6918,752108820
2015-09-25,70.4,70.1,70.5,68.2,1.0,1,5690012,3627,395459309
2015-09-30,69.1,72.0,72.0,68.7,1.9,1,5505029,3337,386125966
2015-10-01,73.3,72.4,74.7,72.4,0.4,1,10271152,6375,756124815
2015-10-02,72.3,72.3,73.8,72.2,-0.1,-1,6890811,4300,502311033
2015-10-05,71.7,71.4,72.8,70.3,-0.9,-1,9660385,5490,690760575
2015-10-06,72.8,70.6,73.4,70.6,-0.8,-1,6268200,4068,452181554
2015-10-07,71.3,73.0,73.3,70.0,2.4,1,6365827,4198,457682271
2015-10-08,73.8,69.4,73.8,68.5,-3.6,-1,6004069,3796,424947790
2015-10-12,70.0,67.8,70.4,66.8,-1.6,-1,5225529,3437,355472560
2015-10-13,68.2,68.0,69.4,67.9,0.2,1,3104503,2190,212609453
2015-10-14,68.2,67.8,68.8,66.8,-0.2,-1,2462241,1809,166885838
2015-10-15,68.7,69.7,69.8,67.8,1.9,1,5097418,3439,353014787
2015-10-16,70.1,68.1,70.8,68.1,-1.6,-1,4896001,3486,339654473
2015-10-19,68.1,65.1,68.7,64.7,-3.0,-1,7593670,5100,500313113
2015-10-20,65.3,67.0,67.1,65.3,1.9,1,4102152,2779,271333512
2015-10-21,67.7,67.0,67.8,66.2,0.0,0,3237184,2171,217437863
2015-10-22,66.5,66.9,67.9,66.5,-0.1,-1,2709447,1788,181781437
2015-10-23,68.5,68.5,69.9,67.7,1.6,1,6360654,3817,437082435
2015-10-26,70.4,74.2,75.0,70.4,5.7,1,13405775,7891,984815919
2015-10-27,75.0,76.6,78.8,74.5,2.4,1,19989730,12056,1529092909
2015-10-28,79.0,82.0,83.2,78.6,5.4,1,17821757,11192,1448782674
2015-10-29,84.3,81.7,84.4,80.8,-0.3,-1,11697481,7501,962608637
2015-10-30,81.4,81.8,81.8,78.3,0.1,1,9801520,6000,784464840
2015-11-02,82.4,80.2,85.0,80.2,-1.6,-1,10369026,6201,856890680
2015-11-03,80.8,79.0,81.0,78.6,-1.2,-1,7939095,4938,630591856
2015-11-04,79.3,80.7,81.8,78.3,1.7,1,7845750,4954,630860022
2015-11-05,80.7,80.8,81.8,79.8,0.1,1,4493466,2848,363139912
2015-11-06,81.0,80.0,82.5,79.8,-0.8,-1,6713451,4388,545591032
2015-11-09,80.0,76.1,80.7,75.4,-3.9,-1,7459538,4275,576585935
2015-11-10,75.4,78.0,78.3,75.4,1.9,1,3094892,2221,239035316
2015-11-11,78.0,75.8,78.6,75.6,-2.2,-1,3553763,2331,272149603
2015-11-12,76.8,72.9,76.8,71.0,-2.9,-1,5830102,3742,423895134
2015-11-13,71.1,73.0,73.5,71.1,0.1,1,2484525,1847,180171612
2015-11-16,72.0,73.6,74.3,71.6,0.6,1,1837300,1368,134526278
2015-11-17,74.7,73.0,74.9,73.0,-0.6,-1,2442179,1564,180749000
2015-11-18,73.0,74.0,74.2,72.0,1.0,1,2275128,1713,166469718
2015-11-19,75.0,77.3,78.3,75.0,3.3,1,6768516,4403,519987148
2015-11-20,77.0,76.6,77.1,75.0,-0.7,-1,3464732,2330,264605213
2015-11-23,77.8,77.1,79.1,77.0,0.0,0,5672208,3258,441471975
2015-11-24,76.6,76.9,78.0,75.6,-0.2,-1,4780070,3188,367536303
2015-11-25,78.3,80.9,80.9,77.7,4.0,1,10786804,6812,858239933
2015-11-26,81.9,79.5,83.5,79.5,-1.4,-1,10110412,6463,828304742
2015-11-27,81.2,80.8,82.7,80.6,1.3,1,6543731,4267,533167558
2015-11-30,80.8,82.1,82.4,80.3,1.3,1,4119845,2656,336055670
2015-12-01,83.3,89.1,89.4,83.3,7.0,1,16559483,9739,1425071087
2015-12-02,90.0,87.6,91.8,86.6,-1.5,-1,12677040,7590,1132402288
2015-12-03,91.0,87.6,92.0,87.0,0.0,0,17755901,10147,1599167706
2015-12-04,87.0,86.8,88.9,86.7,-0.8,-1,5774370,3738,506211290
2015-12-07,87.2,84.1,87.7,84.1,-2.7,-1,7153071,4509,613514167
2015-12-08,86.0,85.4,87.3,85.1,1.3,1,6188421,4131,533372647
2015-12-09,85.5,81.7,86.2,81.4,-3.7,-1,5110414,3550,424876148
2015-12-10,81.9,82.8,83.1,79.9,1.1,1,3500983,2480,287116688
2015-12-11,84.2,79.6,84.6,78.9,-3.2,-1,4647443,3165,382046053
2015-12-14,79.1,79.0,81.1,78.1,-0.6,-1,3511287,2252,279579356
2015-12-15,79.6,79.2,80.6,78.2,0.2,1,3477508,2286,275594148
2015-12-16,80.0,80.6,81.5,78.9,1.4,1,4401438,2704,353237478
2015-12-17,81.7,84.0,85.6,81.1,3.4,1,8052002,4798,673124265
2015-12-18,83.0,83.2,84.3,82.7,-0.8,-1,3510922,2467,292495876
2015-12-21,82.0,82.8,83.9,81.7,-0.4,-1,2808535,1822,232126634
2015-12-22,82.4,80.2,83.4,80.2,-2.6,-1,4622406,3162,376607598
2015-12-23,80.0,77.8,80.9,77.3,-2.4,-1,4509999,3114,356074322
2015-12-24,78.9,78.0,79.9,77.3,0.2,1,3241686,2259,254109926
2015-12-25,78.2,79.3,79.4,77.8,1.3,1,2077227,1438,163887618
2015-12-28,79.9,77.9,80.4,77.6,-1.4,-1,2046500,1492,161458030
2015-12-29,77.9,75.0,77.9,74.5,-2.9,-1,4348169,2864,329539967
2015-12-30,75.9,74.0,76.5,73.6,-1.0,-1,2962363,2085,221366903
2015-12-31,75.0,75.4,75.4,74.0,1.4,1,1612280,1107,120581580
2016-01-04,75.8,73.0,75.8,73.0,-2.4,-1,1457500,1160,108246900
2016-01-05,72.8,72.9,73.9,72.3,-0.1,-1,1729179,1224,126464267
2016-01-06,73.1,67.5,73.7,67.5,-5.4,-1,6004619,3831,415151177
2016-01-07,66.0,66.3,68.7,64.8,-1.2,-1,6549309,4113,439421001
2016-01-08,66.7,69.3,69.3,66.3,3.0,1,3018727,2134,205919976
2016-01-11,68.2,66.1,68.2,66.1,-3.2,-1,2183213,1474,145985830
2016-01-12,66.9,61.0,67.3,61.0,-5.1,-1,4605741,3083,290213341
2016-01-13,63.1,61.3,63.1,61.2,0.3,1,3225010,1924,199662830
2016-01-14,59.0,58.9,59.2,57.0,-2.4,-1,4635700,3022,269243000
2016-01-15,60.0,59.0,60.6,58.4,0.1,1,2558500,1767,152124035
2016-01-18,58.0,62.5,62.5,57.6,3.5,1,2930054,2051,178262494
2016-01-19,63.4,63.1,63.4,61.8,0.6,1,2201154,1556,138052856
2016-01-20,62.4,59.8,62.8,59.6,-3.3,-1,2528200,1707,153901400
2016-01-21,60.7,59.9,61.1,58.6,0.1,1,2154162,1585,129663476
2016-01-22,61.0,60.3,61.8,59.7,0.4,1,1260444,926,76563802
2016-01-25,61.5,66.3,66.3,61.3,6.0,1,6624630,3691,432845766
2016-01-26,65.7,65.2,66.0,64.5,-1.1,-1,3515209,2250,229429813
2016-01-27,66.5,67.1,69.2,66.4,1.9,1,6391585,4134,433635951
2016-01-28,66.6,67.6,68.5,66.4,0.5,1,2792209,1875,189118723
2016-01-29,68.1,68.5,69.1,68.0,0.9,1,2725750,1749,186818172
2016-01-30,69.8,68.5,70.5,68.5,0.0,0,2198253,1521,152632606
2016-02-01,69.5,68.7,69.6,67.7,0.2,1,1320104,932,90600776
2016-02-02,68.8,68.9,69.1,68.2,0.2,1,1291371,900,88783191
2016-02-03,69.1,69.0,70.2,69.0,0.1,1,3774400,2626,262763244
2016-02-15,68.2,71.3,71.4,68.1,2.3,1,2400550,1736,167741350
2016-02-16,72.0,71.4,72.9,70.7,0.1,1,2876809,2031,206816558
2016-02-17,71.9,71.9,72.4,70.8,0.5,1,2073503,1406,148856557
2016-02-18,74.0,74.9,75.3,73.6,3.0,1,5591051,3484,417229776
2016-02-19,74.6,75.8,75.8,73.8,0.9,1,2310721,1672,173335565
2016-02-22,75.8,75.3,76.3,74.0,-0.5,-1,2161114,1499,162344994
2016-02-23,75.8,75.9,76.0,74.7,0.6,1,1454258,1034,109644296
2016-02-24,75.7,74.6,75.7,74.0,-1.3,-1,1438150,978,107541550
2016-02-25,75.2,72.4,75.7,72.3,-2.2,-1,2479520,1702,183598931
2016-02-26,72.4,73.4,73.4,71.7,1.0,1,1997469,1414,144940363
2016-03-01,74.0,75.8,75.9,73.1,2.4,1,2589307,1700,194240546
2016-03-02,76.5,74.8,76.7,74.8,-1.0,-1,2223294,1546,168381261
2016-03-03,73.5,74.0,75.0,73.1,-0.8,-1,3251360,1929,240415440
2016-03-04,73.8,73.7,74.1,73.3,-0.3,-1,1272202,859,93567498
2016-03-07,74.4,72.6,74.4,72.6,-1.1,-1,1263117,977,92464641
2016-03-08,72.5,72.5,73.9,71.6,-0.1,-1,1582805,1061,115323613
2016-03-09,72.1,72.2,73.2,71.4,-0.3,-1,1135306,855,82163588
2016-03-10,72.5,73.7,74.8,71.8,1.5,1,2809154,1880,206421522
2016-03-11,73.7,73.6,74.5,73.1,-0.1,-1,1736333,1163,128318986
2016-03-14,74.4,76.1,77.0,74.0,2.5,1,5180114,3285,394202480
2016-03-15,77.0,73.5,77.0,73.5,-2.6,-1,2700500,1861,202674087
2016-03-16,74.0,74.0,74.8,73.5,0.5,1,1091104,844,80860660
2016-03-17,75.5,73.6,75.5,73.4,-0.4,-1,1213359,867,90195866
2016-03-18,74.7,73.6,74.7,73.3,0.0,0,963046,820,71024040
2016-03-21,73.6,72.8,73.7,71.7,-0.8,-1,1199290,911,86896023
2016-03-22,73.5,71.8,74.5,71.6,-1.0,-1,2513116,1786,183465473
2016-03-23,72.5,72.5,73.3,71.1,0.7,1,1530010,1139,110396915
2016-03-24,72.7,72.0,73.3,71.8,-0.5,-1,1034305,975,74865665
2016-03-25,71.9,69.7,72.0,68.8,-2.3,-1,3525685,2392,248043288
2016-03-28,69.5,68.4,70.2,67.5,-1.3,-1,2586494,1775,177515571
2016-03-29,68.4,70.2,70.2,68.4,1.8,1,2055285,1466,142742620
2016-03-30,70.7,70.9,71.4,69.8,0.7,1,1341026,1025,94948472
2016-03-31,71.2,69.0,71.2,68.5,-1.9,-1,1628203,1250,113119217
2016-04-01,69.0,69.9,69.9,68.5,0.9,1,1412344,923,97802931
2016-04-06,69.4,69.6,70.3,68.1,-0.3,-1,1406122,1022,97084890
2016-04-07,69.6,70.2,71.4,69.4,0.6,1,2566201,1600,180670852
2016-04-08,70.3,70.6,70.9,69.3,0.4,1,1142150,792,79953547
2016-04-11,70.9,68.5,70.9,68.5,-2.1,-1,777784,643,53737496
2016-04-12,69.5,68.5,69.5,66.4,0.0,0,767100,666,52042142
2016-04-13,68.3,67.7,68.8,67.7,-0.8,-1,403152,450,27465732
2016-04-14,67.7,67.7,68.3,67.3,0.0,0,609003,406,41240304
2016-04-15,67.0,67.3,67.9,66.6,-0.4,-1,579022,461,38960496
2016-04-18,66.7,64.5,67.2,64.0,-2.8,-1,1953112,1403,126884926
2016-04-19,65.2,66.1,66.5,63.8,1.6,1,2480506,1746,162459901
2016-04-20,66.7,64.9,66.7,64.5,-1.2,-1,965386,726,63078876
2016-04-21,64.9,63.1,64.9,62.0,-1.8,-1,1906101,1252,120059664
2016-04-22,63.1,60.6,63.5,60.3,-2.5,-1,1733655,1214,106228010
2016-04-25,60.8,61.7,61.9,60.6,1.1,1,668111,490,40977924
2016-04-26,61.7,60.6,61.8,60.5,-1.1,-1,1155107,823,70554068
2016-04-27,60.6,60.7,61.6,60.3,0.1,1,478072,372,29128426
2016-04-28,61.0,60.8,61.8,60.7,0.1,1,635000,457,38790800
2016-04-29,60.5,60.6,61.1,60.3,-0.2,-1,673061,416,40857321
2016-05-03,60.8,58.4,60.9,58.3,-2.2,-1,1596450,1084,94384050
2016-05-04,57.8,57.5,58.9,55.3,-0.9,-1,2598000,1482,148122900
2016-05-05,56.0,58.5,58.6,56.0,1.0,1,1731101,1159,98986229
2016-05-06,57.6,57.0,57.7,56.5,-1.5,-1,1101100,758,62870900
2016-05-09,57.0,55.9,57.2,55.0,-1.1,-1,1246100,701,69774900
2016-05-10,55.6,57.5,58.5,55.5,1.6,1,1664638,1002,94684648
2016-05-11,57.8,55.0,57.9,54.0,-2.5,-1,1889155,1114,105315503
2016-05-12,55.8,53.0,56.5,51.5,-2.0,-1,3474601,1988,186701333
2016-05-13,53.5,53.5,54.7,52.2,0.5,1,1921051,1271,102872258
2016-05-16,53.2,54.1,55.2,52.5,0.6,1,1283063,931,69500131
2016-05-17,54.3,55.0,55.2,53.5,0.9,1,1049570,736,57304432
2016-05-18,54.2,56.0,56.7,54.2,1.0,1,1377087,1015,76860359
2016-05-19,56.0,56.5,57.3,55.6,0.5,1,1644006,1057,93073846
2016-05-20,56.5,56.0,56.6,55.3,-0.5,-1,691311,538,38718516
2016-05-23,56.2,61.6,61.6,56.2,5.6,1,2795796,1413,169352131
2016-05-24,61.6,61.0,62.6,61.0,-0.6,-1,3767731,2152,232855655
2016-05-25,62.8,61.7,62.8,61.6,0.7,1,1818150,1195,113076664
2016-05-26,61.8,61.7,62.1,61.2,0.0,0,579200,449,35719780
2016-05-27,61.7,60.1,61.7,59.7,-1.6,-1,2092053,1478,126150345
2016-05-30,59.4,60.6,60.7,59.0,0.5,1,1300240,895,77845640
2016-05-31,61.1,60.6,61.5,60.0,0.0,0,973001,698,59025364
2016-06-01,60.5,60.7,61.5,60.2,0.1,1,810313,589,49199055
2016-06-02,60.7,60.4,62.4,60.4,-0.3,-1,2040157,1368,125160955
2016-06-03,61.0,61.3,62.8,60.8,0.9,1,3199308,1861,197896233
2016-06-04,62.0,62.4,62.8,61.9,1.1,1,1228400,769,76503600
2016-06-06,62.5,62.0,63.0,61.5,-0.4,-1,996313,652,61813406
2016-06-07,63.0,62.0,63.5,62.0,0.0,0,1130170,794,70866240
2016-06-08,62.1,61.4,62.4,61.4,-0.6,-1,422205,329,26102789
2016-06-13,60.8,59.8,60.8,59.6,-1.6,-1,558101,432,33430298
2016-06-14,59.3,59.1,60.5,59.1,-0.7,-1,617550,496,36695858
2016-06-15,59.2,59.5,59.7,58.5,0.4,1,495132,384,29286820
2016-06-16,59.6,58.1,59.7,58.1,-1.4,-1,636209,462,37307265
2016-06-17,58.8,60.5,60.8,58.8,2.4,1,1803201,1036,108535461
2016-06-20,61.2,61.3,61.6,60.7,0.8,1,658300,527,40202279
2016-06-21,61.5,61.2,61.6,60.9,-0.1,-1,607000,389,37079100
2016-06-22,61.2,62.8,63.3,61.2,1.6,1,1463185,957,91468017
2016-06-23,63.2,62.3,63.2,62.3,-0.5,-1,549022,399,34373881
2016-06-24,62.7,59.9,62.7,58.2,-2.4,-1,1078544,795,64959802
2016-06-27,59.0,60.5,60.7,59.0,0.6,1,651100,486,39253030
2016-06-28,60.1,61.8,62.5,60.1,1.3,1,1199252,631,73675422
2016-06-29,62.0,61.7,62.5,61.6,-0.1,-1,658425,432,40771160
2016-06-30,61.8,64.3,65.3,61.8,2.6,1,4801860,2732,307866481
2016-07-01,65.0,64.6,66.1,64.3,0.3,1,3132378,1747,204239917
2016-07-04,64.9,64.3,65.0,64.2,-0.3,-1,836600,564,54003900
2016-07-05,64.5,63.5,64.8,63.3,-0.8,-1,1346341,883,85854406
2016-07-06,62.7,62.5,62.9,61.9,-1.0,-1,2204602,1197,137526741
2016-07-07,59.0,58.8,59.5,58.3,0.0,0,1745520,1071,102939720
2016-07-11,59.0,58.2,59.4,58.2,-0.6,-1,994339,717,58186731
2016-07-12,58.2,58.3,58.8,58.1,0.1,1,445687,369,26011105
2016-07-13,58.3,59.6,60.4,58.2,1.3,1,1550230,1048,92344431
2016-07-14,59.8,59.6,60.8,59.5,0.0,0,1191001,753,71678359
2016-07-15,59.8,59.3,60.4,59.1,-0.3,-1,631000,480,37586800
2016-07-18,59.3,59.7,60.4,59.0,0.4,1,668105,463,40001719
2016-07-19,59.7,59.3,60.3,59.3,-0.4,-1,525104,387,31339917
2016-07-20,59.3,59.0,59.8,59.0,-0.3,-1,339159,268,20092981
2016-07-21,58.7,58.7,59.4,58.5,-0.3,-1,880351,644,51713837
2016-07-22,58.7,58.5,58.7,56.8,-0.2,-1,1252201,778,72142559
2016-07-25,58.3,57.1,59.2,56.9,-1.4,-1,1863595,949,107991891
2016-07-26,56.8,56.6,57.1,56.1,-0.5,-1,895352,630,50613698
2016-07-27,56.9,56.2,57.5,55.9,-0.4,-1,924413,668,52440649
2016-07-28,56.0,54.6,56.4,54.6,-1.6,-1,1142355,809,63123559
2016-07-29,54.5,54.7,55.3,54.1,0.1,1,584757,468,31976692
2016-08-01,55.0,57.5,57.5,55.0,2.8,1,1332501,1023,75296207
2016-08-02,57.3,58.4,58.5,56.9,0.9,1,1049500,720,60536895
2016-08-03,58.0,57.9,59.0,57.4,-0.5,-1,2295047,1358,133873642
2016-08-04,58.2,58.1,58.3,57.2,0.2,1,763320,536,44032160
2016-08-05,58.0,57.5,58.2,57.2,-0.6,-1,589045,445,33925591
2016-08-08,57.0,56.5,57.6,56.3,-1.0,-1,673151,473,38345449
2016-08-09,56.5,57.6,57.6,56.5,1.1,1,678053,540,38690947
2016-08-10,57.7,58.5,59.4,57.7,0.9,1,1918311,1218,112457149
2016-08-11,58.4,58.4,58.8,57.3,-0.1,-1,740010,567,42965590
2016-08-12,58.8,59.3,60.0,58.5,0.9,1,1906430,1364,113505096
2016-08-15,59.8,58.4,59.8,58.2,-0.9,-1,802162,572,47071158
2016-08-16,58.6,57.6,58.9,57.5,-0.8,-1,449005,355,25997591
2016-08-17,57.6,56.5,57.8,56.4,-1.1,-1,644916,512,36671032
2016-08-18,56.5,56.9,57.1,56.3,0.4,1,347074,312,19690318
2016-08-19,57.3,55.7,57.3,55.4,-1.2,-1,897172,692,50291815
2016-08-22,55.5,55.3,55.9,54.6,-0.4,-1,855028,690,47080124
2016-08-23,55.1,55.6,55.6,54.8,0.3,1,573009,451,31638622
2016-08-24,56.4,55.0,56.4,55.0,-0.6,-1,681121,551,37923542
2016-08-25,55.1,55.4,55.5,54.8,0.4,1,363018,323,19987244
2016-08-26,55.4,55.4,55.9,55.1,0.0,0,425173,314,23591088
2016-08-29,55.4,56.5,57.3,55.4,1.1,1,1378063,981,78027254
2016-08-30,56.2,55.9,56.6,55.9,-0.6,-1,596451,507,33476350
2016-08-31,55.7,55.5,56.1,55.1,-0.4,-1,660627,534,36675235
2016-09-01,55.5,54.6,55.6,54.6,-0.9,-1,610001,426,33541956
2016-09-02,54.3,49.15,54.4,49.15,-5.45,-1,4577600,2636,231012486
2016-09-05,48.9,49.8,50.0,48.5,0.65,1,1976578,1218,97082010
2016-09-06,49.8,49.2,49.95,49.1,-0.6,-1,1050800,677,51961919
2016-09-07,48.5,50.8,51.2,48.5,1.6,1,1993635,1482,99988754
2016-09-08,50.9,50.3,51.3,50.3,-0.5,-1,805703,644,40761976
2016-09-09,49.7,49.35,49.8,49.0,-0.95,-1,916700,645,45217965
2016-09-10,48.5,49.3,49.3,48.05,-0.05,-1,525701,422,25567820
2016-09-12,49.5,49.3,50.0,49.2,0.0,0,472000,376,23436498
2016-09-13,49.5,45.5,49.65,45.1,-3.8,-1,2614550,1760,121955500
2016-09-14,45.35,43.9,45.35,42.15,-1.6,-1,4635205,2955,200889937
2016-09-19,45.25,46.65,47.35,44.4,2.75,1,2465150,1907,113077633
2016-09-20,47.1,46.85,47.15,46.1,0.2,1,825684,627,38597644
2016-09-21,46.85,48.3,48.9,46.8,1.45,1,1056570,815,50660686
2016-09-22,48.5,47.8,48.6,47.35,-0.5,-1,928860,667,44321330
2016-09-23,47.75,47.25,47.75,46.3,-0.55,-1,997357,743,46870717
2016-09-26,46.5,47.65,48.0,46.5,0.4,1,675601,490,32067676
2016-09-29,47.9,47.2,48.2,47.15,-0.45,-1,519145,378,24651457
2016-09-30,47.0,47.0,47.0,46.25,-0.2,-1,632972,459,29524517
2016-10-03,47.3,48.0,48.6,47.1,1.0,1,867033,601,41560197
2016-10-04,48.0,47.5,48.0,47.2,-0.5,-1,485211,360,23068412
2016-10-05,46.2,46.15,46.85,45.35,-1.35,-1,1116401,829,51386985
2016-10-06,46.0,46.8,47.05,45.9,0.65,1,582100,403,27101334
2016-10-07,46.8,46.2,46.95,46.0,-0.6,-1,442050,297,20531525
2016-10-11,46.3,43.8,46.35,43.2,-2.4,-1,1467860,1082,64861565
2016-10-12,43.05,45.4,45.9,43.05,1.6,1,1280204,901,57046351
2016-10-13,45.0,44.7,45.1,44.55,-0.7,-1,506670,401,22688364
2016-10-14,44.9,43.35,44.9,43.2,-1.35,-1,1350816,914,58829502
2016-10-17,43.25,43.9,43.9,41.5,0.55,1,1387532,1028,59001720
2016-10-18,43.9,43.2,44.1,43.2,-0.7,-1,518100,399,22579960
2016-10-19,43.7,43.7,44.8,43.7,0.5,1,1145001,842,50637093
2016-10-20,44.0,43.9,44.15,43.5,0.2,1,456311,333,19998319
2016-10-21,44.0,44.25,44.75,44.0,0.35,1,389375,326,17284993
2016-10-24,44.45,43.9,44.5,43.85,-0.35,-1,251002,210,11050338
2016-10-25,44.4,44.35,44.95,44.2,0.45,1,565204,414,25246237
2016-10-26,44.55,44.45,44.75,44.3,0.1,1,220116,171,9788154
2016-10-27,44.7,46.3,46.7,44.6,1.85,1,2116021,1375,97487069
2016-10-28,46.9,46.7,47.65,46.3,0.4,1,2050200,1421,96496185
2016-10-31,47.1,46.6,47.1,45.8,-0.1,-1,824357,522,38149583
2016-11-01,46.7,46.8,47.75,46.7,0.2,1,1262784,735,59622084
2016-11-02,46.6,45.8,46.6,45.6,-1.0,-1,746080,522,34274272
2016-11-03,46.65,47.2,47.45,46.3,1.4,1,2199053,1531,103499078
2016-11-04,47.35,47.2,47.8,46.85,0.0,0,1220100,856,57658719
2016-11-07,47.6,47.4,47.7,47.2,0.2,1,825009,555,39129432
2016-11-08,47.6,46.7,47.6,46.35,-0.7,-1,761956,510,35626150
2016-11-09,46.75,43.6,47.4,43.6,-3.1,-1,1489209,1030,67088906
2016-11-10,45.1,45.45,45.45,44.65,1.85,1,768221,571,34612842
2016-11-11,44.6,44.4,45.2,43.8,-1.05,-1,564002,404,25065692
2016-11-14,43.65,44.15,44.5,43.65,-0.25,-1,423010,311,18614160
2016-11-15,44.05,44.05,44.7,43.95,-0.1,-1,340003,277,15076288
2016-11-16,44.9,45.7,45.9,44.7,1.65,1,1075027,851,48770134
2016-11-17,46.85,50.2,50.2,46.5,4.5,1,4147267,2505,201939053
2016-11-18,51.0,51.6,52.5,50.3,1.4,1,10019554,5427,514777908
2016-11-21,52.0,52.6,53.1,50.9,1.0,1,4107526,2460,214010642
2016-11-22,53.4,54.0,54.7,53.3,1.4,1,5252500,3089,283960792
2016-11-23,54.0,53.9,54.4,52.9,-0.1,-1,4354863,2514,233201385
2016-11-24,54.2,54.6,55.5,54.0,0.7,1,4010251,2568,220028229
2016-11-25,55.2,54.1,55.3,53.3,-0.5,-1,2294300,1458,124588789
2016-11-28,54.3,53.7,54.4,53.5,-0.4,-1,1348532,868,72665128
2016-11-29,53.7,53.9,54.3,53.6,0.2,1,1004052,726,54234208
2016-11-30,54.3,57.1,58.3,54.3,3.2,1,6573750,4460,376232400
2016-12-01,56.3,56.5,56.8,55.8,-0.6,-1,2562200,1706,144125200
2016-12-02,56.7,58.1,58.1,55.6,1.6,1,4034936,2776,231510097
2016-12-05,57.3,57.5,58.3,57.2,-0.6,-1,2401087,1485,138408546
2016-12-06,58.2,57.5,58.6,57.3,0.0,0,2071010,1388,119745364
2016-12-07,58.0,56.4,58.1,56.1,-1.1,-1,1770706,1216,100512902
2016-12-08,57.0,56.4,57.2,56.2,0.0,0,1534170,965,86659376
2016-12-09,56.9,56.6,57.8,56.5,0.2,1,1684343,1185,96183393
2016-12-12,57.1,55.0,57.1,54.0,-1.6,-1,2743308,1603,150876459
2016-12-13,55.1,55.6,56.0,54.5,0.6,1,1363323,880,75564355
2016-12-14,55.7,54.8,55.9,54.6,-0.8,-1,949898,591,52296805
2016-12-15,55.0,55.8,55.9,54.8,1.0,1,1253977,783,69551814
2016-12-16,56.6,56.5,58.2,56.5,0.7,1,3403004,2147,195281336
2016-12-19,56.2,55.6,56.7,55.5,-0.9,-1,843002,583,47280824
2016-12-20,55.6,55.1,56.1,55.0,-0.5,-1,568041,415,31387776
2016-12-21,55.2,54.7,55.7,54.6,-0.4,-1,467004,323,25738636
2016-12-22,54.5,54.1,54.7,54.0,-0.6,-1,661220,437,35885100
2016-12-23,54.1,53.7,54.6,53.7,-0.4,-1,524051,415,28326533
2016-12-26,54.1,54.2,54.3,53.6,0.5,1,373201,225,20114027
2016-12-27,54.2,53.4,54.2,53.4,-0.8,-1,413005,251,22194265
2016-12-28,53.9,54.5,54.5,53.6,1.1,1,756317,459,41009379
2016-12-29,54.2,55.7,56.2,54.2,1.2,1,1512418,937,84005296
2016-12-30,55.6,56.4,56.7,55.3,0.7,1,1472052,832,82713057
2017-01-03,57.2,56.6,57.2,56.2,0.2,1,930200,594,52695717
2017-01-04,57.0,58.5,59.4,56.7,1.9,1,5014723,2784,292112292
2017-01-05,58.5,58.3,58.5,57.2,-0.2,-1,1738012,1063,100789696
2017-01-06,62.5,59.3,62.5,58.8,1.0,1,7990405,4449,488748183
2017-01-09,59.4,58.3,59.9,57.5,-1.0,-1,2088211,1268,122687198
2017-01-10,58.8,58.0,58.9,57.7,-0.3,-1,952252,611,55353112
2017-01-11,58.5,57.4,58.5,57.4,-0.6,-1,900007,543,52046202
2017-01-12,57.9,57.7,59.4,57.6,0.3,1,2259148,1454,132275433
2017-01-13,57.8,57.7,58.8,57.5,0.0,0,1006170,639,58402103
2017-01-16,57.7,55.9,57.7,55.9,-1.8,-1,1123050,752,63434200
2017-01-17,56.0,56.2,56.5,55.9,0.3,1,465375,359,26142973
2017-01-18,56.6,57.0,57.5,56.3,0.8,1,881327,607,50278798
2017-01-19,57.1,56.6,57.1,56.0,-0.4,-1,592174,457,33521318
2017-01-20,56.9,58.6,59.3,56.9,2.0,1,2869608,1973,167599620
2017-01-23,58.9,59.7,60.5,58.1,1.1,1,2828510,1724,168443529
2017-01-24,60.3,60.3,60.8,59.2,0.6,1,2661799,1614,160326847
2017-02-02,61.1,59.5,61.9,59.5,-0.8,-1,2573533,1640,155952300
2017-02-03,59.1,58.2,59.6,58.0,-1.3,-1,2085011,1425,122079638
2017-02-06,56.2,57.0,57.5,55.6,-1.2,-1,2123163,1345,120136259
2017-02-07,57.0,59.6,60.5,56.8,2.6,1,4468440,2821,264790517
2017-02-08,59.5,59.8,60.3,58.8,0.2,1,2205604,1427,131354606
2017-02-09,59.8,59.2,59.8,58.9,-0.6,-1,918766,605,54463643
2017-02-10,59.3,58.6,59.9,58.6,-0.6,-1,869517,637,51322782
2017-02-13,58.9,59.5,59.7,57.9,0.9,1,1154040,765,68119768
2017-02-14,59.6,58.6,60.1,58.6,-0.9,-1,1127927,778,66863405
2017-02-15,58.9,58.8,59.6,58.7,0.2,1,706218,487,41739904
2017-02-16,59.8,58.6,59.8,58.4,-0.2,-1,954022,607,56157698
2017-02-17,59.0,59.9,60.7,58.5,1.3,1,1989544,1217,119116513
2017-02-18,60.0,61.0,61.7,60.0,1.1,1,2281401,1479,138953383
2017-02-20,61.3,59.8,61.3,59.8,-1.2,-1,1089229,808,65623458
2017-02-21,60.0,58.6,60.2,58.2,-1.2,-1,1045040,725,61463360
2017-02-22,58.9,59.0,59.5,58.4,0.4,1,566834,469,33347361
2017-02-23,59.2,58.4,59.4,58.4,-0.6,-1,542182,388,31877478
2017-02-24,58.4,58.5,59.0,58.1,0.1,1,267991,222,15692556
2017-03-01,58.8,58.5,59.4,58.5,0.0,0,445066,369,26214194
2017-03-02,59.1,58.6,59.5,58.5,0.1,1,449011,300,26470338
2017-03-03,58.0,57.7,58.1,57.1,-0.9,-1,1170084,702,67403986
2017-03-06,57.7,56.6,57.7,56.2,-1.1,-1,904259,696,51350063
2017-03-07,56.3,56.6,57.0,56.3,0.0,0,503236,427,28477772
2017-03-08,56.8,56.2,57.1,56.2,-0.4,-1,448146,376,25291422
2017-03-09,55.8,55.2,56.1,55.0,-1.0,-1,1010000,658,55992300
2017-03-10,55.1,56.0,56.0,54.8,0.8,1,516104,460,28567928
2017-03-13,56.0,56.0,56.5,55.7,0.0,0,394401,391,22157357
2017-03-14,56.5,55.9,56.5,55.8,-0.1,-1,348054,280,19526986
2017-03-15,56.2,56.8,57.4,56.1,0.9,1,682522,575,38852599
2017-03-16,57.3,57.0,57.7,56.7,0.2,1,434053,352,24808621
2017-03-17,58.0,58.2,58.9,57.9,1.2,1,1965704,1397,114785832
2017-03-20,58.8,58.0,58.8,57.6,-0.2,-1,737297,729,42731237
2017-03-21,58.1,57.5,58.4,57.5,-0.5,-1,530300,470,30645700
2017-03-22,57.2,57.8,58.0,56.8,0.3,1,637204,568,36557540
2017-03-23,58.3,59.1,59.3,58.0,1.3,1,2026468,1371,119233681
2017-03-24,59.6,58.9,59.6,58.7,-0.2,-1,904142,754,53398093
2017-03-27,58.6,59.3,60.5,58.6,0.4,1,2125294,1595,127197588
2017-03-28,60.2,59.3,61.0,57.8,0.0,0,2218123,1648,131744461
2017-03-29,60.4,59.3,60.4,58.6,0.0,0,1239880,999,73711120
2017-03-30,59.5,61.9,61.9,59.3,2.6,1,3853674,2245,233481151
2017-03-31,63.0,62.4,63.0,61.3,0.5,1,3727156,2299,232129407
2017-04-05,63.8,68.6,68.6,63.5,6.2,1,6329128,3173,422447377
2017-04-06,69.8,68.2,71.3,68.2,-0.4,-1,9180680,5133,642182339
2017-04-07,69.9,69.4,70.4,66.3,1.2,1,6184680,4102,426221173
2017-04-10,70.3,69.4,70.4,68.6,0.0,0,2629222,1897,182801475
2017-04-11,70.2,69.7,72.6,69.6,0.3,1,6973896,4508,495708325
2017-04-12,70.0,70.3,70.8,68.2,0.6,1,2907678,1955,202456050
2017-04-13,70.3,68.9,71.8,68.9,-1.4,-1,2777383,1915,195267759
2017-04-14,68.6,67.0,68.9,65.5,-1.9,-1,2955343,1967,198931534
2017-04-17,68.2,70.2,70.4,66.5,3.2,1,3267194,2207,224874913
2017-04-18,71.2,70.8,71.4,69.5,0.6,1,3016140,2086,212189098
2017-04-19,70.0,69.4,70.7,68.3,-1.4,-1,2028117,1423,141052410
2017-04-20,68.4,68.0,70.0,68.0,-1.4,-1,1253262,946,86317526
2017-04-21,69.1,69.2,69.3,67.2,1.2,1,1348075,1022,92461145
2017-04-24,70.3,68.0,70.4,68.0,-1.2,-1,1038752,742,71587636
2017-04-25,68.6,69.2,69.5,67.6,1.2,1,1131851,821,77932486
2017-04-26,69.8,72.5,75.5,69.3,3.3,1,10034601,6461,731928523
2017-04-27,73.2,72.0,73.8,72.0,-0.5,-1,2771738,1828,201568447
2017-04-28,71.7,70.5,72.7,70.5,-1.5,-1,2551850,1714,181418620
2017-05-02,71.3,69.9,71.3,69.5,-0.6,-1,1706993,1137,119722605
2017-05-03,70.4,67.8,70.4,67.8,-2.1,-1,1617772,1167,111477612
2017-05-04,69.5,69.3,71.2,68.7,1.5,1,2515314,1729,176018658
2017-05-05,70.0,68.0,70.0,68.0,-1.3,-1,1268353,929,87105708
2017-05-08,68.5,68.0,69.2,68.0,0.0,0,768100,584,52610830
2017-05-09,68.5,65.8,68.9,65.6,-2.2,-1,1648316,1144,109637780
2017-05-10,66.1,67.3,67.3,66.0,1.5,1,909001,615,60783267
2017-05-11,67.6,66.6,67.9,66.6,-0.7,-1,818031,581,54830883
2017-05-12,67.0,67.6,67.6,66.3,1.0,1,804434,614,53831723
2017-05-15,68.0,68.7,69.7,67.1,1.1,1,1170152,841,80307561
2017-05-16,68.4,68.3,69.9,68.3,-0.4,-1,986372,675,68085469
2017-05-17,68.4,67.8,69.0,67.8,-0.5,-1,512002,385,34852636
2017-05-18,66.0,68.0,68.4,66.0,0.2,1,1013240,710,68324320
2017-05-19,68.4,67.5,68.4,67.4,-0.5,-1,409100,301,27773280
2017-05-22,67.6,67.1,67.7,67.0,-0.4,-1,491801,391,33084204
2017-05-23,67.0,66.6,67.2,66.6,-0.5,-1,463001,407,30937762
2017-05-24,67.2,69.8,70.4,67.0,3.2,1,2377591,1733,164314713
2017-05-25,70.3,69.4,70.5,69.0,-0.4,-1,1218919,1010,84894375
2017-05-26,69.6,68.6,69.6,68.5,-0.8,-1,622772,549,42843426
2017-05-31,69.1,70.6,70.9,68.6,2.0,1,2955504,2062,207380478
2017-06-01,71.3,72.0,72.5,71.1,1.4,1,5402937,3525,388214168
2017-06-02,72.5,71.3,72.7,71.0,-0.7,-1,1634606,1210,117021307
2017-06-03,69.4,69.1,69.9,68.5,-2.2,-1,2689547,1867,186043084
2017-06-05,68.7,69.7,70.0,68.7,0.6,1,1549901,935,107688997
